12.026318 59.376119 8.250760
11.862422 59.584756 8.474119
12.593601 58.000763 7.458158
12.711368 60.205056 8.762197
12.791635 56.417391 9.746545
12.057806 60.791255 8.137081
12.178078 55.032187 8.652992
12.301605 60.976843 8.424750
12.450674 57.590575 8.680027
12.755091 57.736076 7.855622
12.837927 59.083652 8.294495
12.295892 58.502032 8.329270
11.411887 59.579492 8.533349
12.228795 60.811181 9.060621
12.349549 60.535154 8.813262
13.472735 59.227412 7.972653
13.022813 60.648540 8.303526
10.928831 58.459104 8.441144
12.684092 60.793891 8.953555
12.205331 59.508030 8.616768
12.326874 56.000525 9.703900
13.192042 59.107155 8.567579
12.194991 56.103905 9.045503
12.546734 59.365487 8.285953
12.234367 61.948110 9.315072
12.268292 58.784644 8.884642
11.963849 60.865124 9.183046
12.203780 62.899334 8.111556
11.738772 59.011263 8.315728
12.553905 59.690764 8.617063
11.413872 59.434219 8.341910
13.115390 58.828826 7.970699
12.189045 61.825233 8.847144
13.116362 60.385538 8.307599
12.743144 59.484410 8.772941
12.621702 59.876952 8.751456
11.546162 58.778577 8.272262
12.880851 61.818545 9.321569
13.008997 56.580090 8.972080
12.199122 59.992284 8.392902
12.118461 55.860872 8.345268
12.489153 61.022961 8.268757
12.480134 60.172637 9.163347
11.588389 60.900171 8.091218
12.658935 62.459610 9.134661
11.890129 61.253653 7.664718
12.904503 60.500613 7.168144
12.012106 57.618442 8.582089
11.934953 61.109582 8.646926
11.711916 57.622471 8.873058
12.368634 56.974999 8.594204
11.863059 60.712067 7.607335
11.869774 56.354914 8.480025
11.836513 61.495532 8.547095
12.076762 60.180399 8.004969
11.862985 60.342926 8.813983
12.687787 60.266233 9.483221
12.684225 62.180432 8.604028
12.948106 57.632863 8.968432
12.703455 57.170777 8.077736
12.482849 60.484172 8.138970
11.312088 58.833614 9.300191
12.356045 59.578018 8.454871
12.604845 61.360304 8.591415
12.669942 61.335990 9.119616
11.060684 58.327086 8.730117
12.067965 60.951842 8.842914
12.534647 56.981773 8.411885
12.620800 60.934549 9.425359
11.979863 60.156248 8.257318
12.598069 59.055297 8.154831
11.720043 60.497845 9.411612
11.802150 57.339400 9.382296
12.009348 59.273431 8.783059
12.579329 58.446605 8.064911
12.991700 60.879769 8.166464
11.979650 59.276680 9.038202
11.580737 63.361820 8.627927
13.229684 63.096895 9.561420
13.025391 56.919099 8.994726
12.871041 57.348519 8.838994
14.118756 60.699338 8.999237
11.985483 59.933229 8.058595
13.063143 59.972399 9.197204
13.079526 58.395242 9.146479
12.352799 63.068127 10.371787
11.820879 58.861084 8.606795
12.955047 58.526094 9.030577
12.265693 60.094424 8.325935
12.306042 59.554654 9.161667
12.901892 60.767830 9.205067
12.847901 57.296713 8.974658
12.253411 56.604249 8.331635
12.640639 62.492593 8.200466
12.533672 57.828137 9.553783
11.906879 60.937541 8.536731
12.652045 57.811246 8.980744
12.618398 59.803524 9.684766
13.477634 62.050512 8.213393
12.888470 59.281268 7.960419
12.241474 61.395573 8.575293
12.271745 61.178092 8.227810
12.150500 60.176320 7.963194
12.213789 58.742102 9.899572
13.258008 59.523655 9.527256
12.294482 57.984754 7.889655
13.720155 58.773657 8.827303
12.449408 58.831642 8.248138
11.940730 59.236761 9.226632
12.760937 60.470850 8.667603
12.673981 60.316100 8.564665
13.033154 59.695976 8.637517
12.968583 60.630615 8.841623
13.437821 61.100068 8.423122
13.218484 59.397267 9.717095
12.240486 59.457740 8.333171
12.760256 60.853940 8.416577
12.491655 60.233402 7.816961
12.868438 60.822874 8.357428
12.604728 59.087092 8.217113
12.167424 57.302191 9.143183
12.143413 59.450532 9.059106
11.010727 58.867096 8.612757
12.213846 59.395300 8.683252
12.916125 57.489454 8.494922
12.205775 59.650330 7.832406
13.102995 60.853919 9.028300
12.825376 61.047027 8.819123
12.988570 60.764146 8.414902
12.680379 60.160262 8.430692
12.884664 59.031991 7.814501
12.635340 61.080390 9.772601
11.550316 57.807796 9.130164
13.102913 56.509720 7.873562
12.120284 62.455875 8.990362
12.125450 60.028652 8.955885
12.153918 59.129188 8.497520
12.650418 60.949192 9.858554
12.639839 57.363322 9.186130
12.046646 60.489985 8.969990
12.568812 57.385495 8.569130
13.002653 58.684141 9.077940
13.085742 60.792342 8.631292
12.645755 59.063692 7.457462
12.794037 62.268897 8.697060
12.089134 61.414789 8.534143
11.788870 62.457932 8.594962
12.330590 60.408654 8.534426
13.256784 58.508861 8.946964
11.882264 60.911635 8.849970
11.747951 59.460014 8.504181
12.730291 59.522741 9.073158
12.156694 57.605815 9.016885
11.733045 58.886351 8.238468
12.178027 58.504829 8.418392
12.056074 58.464749 8.965458
12.218963 62.177931 8.395428
12.202587 57.248966 8.870089
12.526553 62.377985 8.290235
11.883455 60.141988 8.934059
12.318540 60.672595 8.618372
11.677991 62.279827 7.618411
11.158009 58.683575 8.290260
12.628772 58.641284 8.638598
13.011256 60.571545 8.388430
13.255852 63.500976 8.713263
12.188277 59.331492 8.021491
12.783658 59.699650 7.970671
12.235948 60.888963 8.554902
12.176486 60.657713 8.415507
12.803828 60.737992 8.557499
12.335953 59.412069 8.991249
12.153279 60.760023 7.308635
11.699379 63.585156 8.507157
12.336970 62.333027 8.909789
13.072213 58.012437 9.413153
12.903265 61.753460 9.000209
12.017170 57.816128 9.344856
13.163259 60.352308 8.659009
12.589452 60.367919 8.577692
12.311053 58.822221 9.490147
12.537266 60.991809 8.494971
12.342851 61.728929 8.590129
12.839954 61.019735 8.704702
12.166195 60.131516 8.192279
13.336082 60.081341 8.184402
12.063810 58.080393 8.060534
11.833142 57.886624 8.735066
12.080504 60.937470 7.901694
12.351477 58.409740 9.036932
11.365263 60.280490 7.833006
12.957645 62.402601 9.115323
12.928394 57.912088 7.823205
12.582692 63.357164 8.872027
13.974845 60.018932 8.126374
12.448699 59.800465 9.472016
13.062607 59.902850 8.391729
12.916289 59.519539 8.401984
12.670480 59.740663 8.222537
12.772529 60.197714 8.572873
12.847369 58.112301 8.931474
12.261275 59.260753 8.383063
12.983350 59.647499 8.750936
11.684127 59.426897 8.244593
11.870567 61.103868 8.706653
12.015530 61.295407 9.641432
12.487093 61.048183 8.673807
12.971338 58.744431 8.446961
13.804383 59.954677 9.097594
12.703755 61.261582 9.397608
11.109513 61.606820 8.445584
12.190284 59.360292 8.681735
11.985446 61.681868 8.810483
12.840767 59.458084 8.173331
12.922896 55.933103 8.704116
11.883063 59.394684 7.883173
11.531881 59.056971 8.213031
11.445964 59.359585 9.362587
11.332091 57.525364 8.938450
12.000613 59.526833 9.294722
11.937450 63.849538 8.895221
12.037493 62.082314 9.665827
12.567319 58.889349 8.915325
11.941737 59.446649 9.387060
13.044752 59.089936 8.978037
12.340961 62.602628 8.585072
11.908015 61.855292 9.448535
13.734232 60.224733 8.480279
12.225876 58.636849 8.052474
12.016210 57.468504 9.007477
11.806431 60.477174 8.663350
12.572543 62.055924 8.545861
11.404419 59.310047 8.324489
11.968240 58.584336 7.849105
12.236533 59.761932 9.247856
12.091435 58.350230 10.128127
12.429620 58.442295 9.067610
12.393254 60.638401 8.557173
11.367073 61.240525 8.194095
12.875846 61.351704 9.157055
12.461879 59.367182 8.076182
12.146103 60.527134 8.072346
12.274206 61.742925 8.402187
11.908618 60.910526 8.678225
11.101362 60.179978 8.723532
12.351817 59.705072 9.196124
12.593574 58.711336 7.364006
13.218924 60.002949 8.315531
11.262298 57.362059 8.865375
12.189469 59.088602 8.251332
11.889626 59.111395 9.301235
12.371254 59.392158 8.132097
12.387802 61.408832 8.721091
12.802298 57.010215 8.951127
12.373531 59.343997 8.926431
11.866138 60.059009 7.995820
12.893158 57.892013 7.791708
12.426782 59.825742 8.401578
12.923645 60.588132 8.259800
11.974074 60.381407 8.556110
12.217608 58.999896 8.947822
11.978973 59.764558 8.965442
12.206430 63.130062 8.476500
11.763617 57.111927 8.460425
11.953310 59.531178 8.140030
11.980844 58.972510 9.428128
13.035331 58.247828 9.540480
12.575174 58.688607 8.387867
12.328769 61.106757 8.498847
12.176332 61.363369 8.616213
13.021585 61.380071 8.503542
12.438030 57.613296 7.549047
12.049562 57.855240 9.081579
12.256875 60.926926 8.744663
12.018701 58.577945 9.373398
12.223602 60.375586 8.548059
11.050185 60.809295 8.432447
12.362930 58.626838 8.616502
12.805178 57.196265 8.571072
12.140607 58.864076 8.205837
13.042461 61.842738 8.407381
11.254954 60.603972 8.446906
13.673074 61.213337 9.432583
12.559580 60.829233 8.549537
12.965383 62.034090 8.471054
11.969184 60.553714 8.569171
12.060559 58.629633 8.306298
12.092606 56.293555 8.654385
12.603943 61.716903 9.388144
12.735869 58.252725 8.145070
12.535300 59.505760 8.244386
12.902756 60.178765 8.922579
12.117315 60.249250 8.577284
12.667049 62.036407 8.766721
11.796466 59.630540 9.326439
12.387169 59.960513 7.734534
12.871242 62.357464 8.390079
11.941724 62.386497 8.680019
12.179405 55.614856 8.635889
13.302392 61.465981 7.761576
12.529344 62.512031 8.176483
12.848419 61.506624 8.101468
12.239797 60.487426 9.256133
12.972040 58.121654 7.524009
12.196981 59.221079 8.613571
12.734265 62.105514 8.502711
12.612183 60.105649 7.737183
11.885781 58.003070 8.056908
12.957587 59.647082 9.409562
12.731723 57.628519 9.118413
12.155862 59.830275 8.193285
11.882535 60.116713 8.576328
11.302795 63.029269 9.381726
12.964254 58.106696 7.802617
12.842281 60.246566 8.068842
11.562169 57.994623 8.511922
11.771847 61.438370 8.930686
11.780745 57.579472 8.150842
12.345236 58.787294 8.123050
12.039696 60.884241 9.201133
12.537247 62.252139 9.420921
11.940049 61.647288 7.800710
12.847107 59.106799 7.791398
12.385684 62.572651 9.285779
12.305705 58.880931 7.984834
12.843859 59.456620 7.809510
13.599288 58.339311 8.674804
12.292909 58.312117 9.293635
12.760258 59.566183 9.156063
12.713542 60.090197 7.983026
13.142352 59.708515 8.895760
11.905372 55.977171 8.774738
11.930294 61.426769 8.324977
11.822925 58.351168 8.873310
12.291274 61.348614 8.074497
12.242126 55.922222 8.955952
13.282323 62.556183 8.251636
12.004269 61.218235 8.139675
11.837384 60.104569 9.496231
12.866240 59.395844 8.273940
11.706269 62.094470 8.996137
11.784510 62.919629 8.613307
13.431391 58.274185 8.362903
11.531384 59.502428 10.287381
11.989528 56.380742 8.255872
12.837043 57.603858 8.425539
12.417637 60.186118 8.960197
11.833945 58.438386 9.409444
12.461549 58.433169 8.735137
13.076084 61.147149 8.245542
12.438082 59.086910 9.290949
13.118467 61.796128 8.721600
10.758991 60.004731 9.305652
13.358263 58.761039 8.604118
13.165561 59.930870 7.602070
12.878923 61.157751 9.057910
12.872569 63.046886 8.882346
12.095345 57.671112 7.987005
12.048804 59.191758 9.329165
12.164920 60.019506 8.249531
12.052583 63.198121 8.868695
11.732085 60.326362 8.667862
13.146851 54.875250 9.278615
13.285664 59.409217 8.367671
12.547416 60.074641 8.677607
13.654693 59.583047 8.623735
12.678025 57.831847 9.119403
12.463991 57.926532 9.783310
10.764558 57.474038 9.132590
11.002138 58.316703 9.190588
12.393290 61.533027 8.703568
12.034887 59.809008 8.643927
12.252292 61.768254 7.828708
12.526881 62.088683 9.124616
11.261996 57.568155 8.941529
13.092911 59.242879 8.377624
12.316887 59.967162 8.217845
11.873731 60.508934 9.033198
12.573806 62.022012 8.334380
12.070609 60.809682 9.235321
11.931136 60.165912 9.490031
13.589212 61.327161 8.620429
12.613290 59.834394 7.759320
12.537086 61.140259 8.549677
12.211380 59.553745 9.215826
11.397461 62.466888 8.417609
12.368468 57.715569 7.869630
13.210424 61.338252 9.402639
12.200477 61.631883 8.232458
12.551424 59.158210 9.052247
12.276516 59.645599 9.298696
11.350733 58.027181 9.245474
11.851959 61.827146 9.218638
12.757910 63.121820 7.350599
11.774721 58.778301 8.642154
12.840502 58.929412 8.715703
11.969386 61.241443 8.694362
11.986914 60.327273 9.199147
12.165237 60.691559 8.881151
11.993061 59.456184 8.760301
11.623048 58.827951 8.862377
12.344973 60.790623 8.058324
12.319327 58.832967 9.005677
12.439873 60.825355 8.284816
12.689266 61.216823 8.795407
13.676313 58.296477 8.561083
11.378849 61.049305 8.127925
12.709699 57.645074 7.836803
12.932134 62.170885 8.146858
13.600579 62.639455 7.925993
12.774589 59.170520 8.895742
12.733238 59.976682 8.358441
12.899171 59.594012 8.630179
12.540380 60.019741 8.545033
13.605201 64.648312 8.295032
13.416535 58.850306 8.914758
12.004731 60.888868 8.919027
12.677752 61.844571 8.928900
11.952200 59.881866 8.972284
11.274191 61.397652 8.603024
12.049245 56.727700 8.434091
12.548624 60.604021 8.666020
12.945035 62.434902 8.272339
12.182272 60.631200 7.494179
12.919135 59.310056 9.168042
12.206115 62.919862 8.106237
11.508762 61.901313 8.663951
13.071281 59.992772 8.376956
12.783604 63.791824 9.052734
11.840037 59.448260 8.224292
12.377212 59.960098 8.205085
12.366114 61.022253 9.329315
12.469532 61.428454 8.102975
12.098171 55.379492 8.161234
12.287060 58.535702 8.715041
12.633223 62.964158 8.357229
11.546935 61.925115 9.004515
12.006710 62.622869 8.104179
10.922387 59.871182 9.086119
12.812737 59.765204 8.781271
12.180517 57.600048 8.942283
12.460103 60.283578 9.097606
12.133536 60.375185 8.216030
11.785950 60.147286 8.516799
12.502422 59.310920 8.940973
12.322760 56.184614 7.826481
12.261731 60.665620 8.289023
11.314560 59.893215 9.454357
11.872655 59.621840 9.046380
10.979828 61.314258 8.910838
13.405201 59.936201 8.561451
13.292441 62.359668 9.384090
12.239901 60.661109 8.487401
12.054927 60.658834 8.960355
12.079832 59.856067 8.014392
12.970174 60.163540 8.857254
12.825868 59.261898 7.242159
11.875504 62.984151 7.427497
11.696803 60.556691 8.980976
12.876284 59.872453 8.424479
12.398806 61.277355 8.147589
12.850245 58.851453 8.800310
11.187729 60.230327 8.044578
12.060394 60.846181 8.757798
11.349347 59.883384 8.306399
12.515515 60.681024 9.145275
12.897519 57.322205 8.326306
12.286107 59.124117 8.468594
12.823880 59.333304 8.807396
12.377057 61.176838 9.005973
11.649147 59.554162 7.998105
12.575565 63.022986 7.760034
13.051601 61.320341 9.720277
13.286136 61.646617 9.069804
12.329110 56.933917 7.762377
11.837841 58.980806 9.167212
12.669773 61.008463 7.803216
11.487187 59.096648 9.242851
12.908382 59.086722 8.225958
13.322081 60.553440 8.636297
12.438747 58.362336 8.464518
13.089069 61.175752 9.232550
11.106613 61.256838 8.844216
12.123562 58.587867 9.664187
12.439902 58.549532 8.687903
12.503386 56.679804 8.275651
11.398310 59.587145 7.604432
11.728726 58.021489 7.878255
12.807023 59.178344 8.830307
12.359091 58.544909 8.442451
12.233320 58.266458 9.118838
12.259411 58.177509 8.615962
11.487703 62.102872 8.956501
12.201334 58.736636 8.603500
11.823591 62.394668 8.554225
12.243476 60.055522 8.825538
12.954723 56.654250 8.684149
12.588933 58.043275 8.717079
12.340395 54.668031 8.728658
12.706493 59.666263 7.414775
11.878005 60.180051 7.940320
13.325142 61.480878 7.957305
10.989643 60.150833 8.427794
12.227260 55.759671 8.713734
12.136257 60.790671 8.640546
12.968363 58.820530 8.427877
13.118246 59.267172 9.084293
12.019145 58.492431 9.393166
12.062868 60.877227 8.868871
12.498608 56.857255 8.742366
11.998192 60.407643 8.157031
12.906037 62.360383 8.144999
11.242064 58.973348 9.302209
12.859740 62.843616 9.069275
12.805647 61.211661 9.447583
12.979348 59.571558 9.325519
12.309407 62.224111 8.835347
12.948696 62.524213 8.092029
13.139718 59.974725 9.684482
12.031418 60.966616 9.286450
12.501360 61.787224 8.993069
12.193107 57.740557 8.492453
12.159863 64.281933 8.347616
12.616888 59.701639 8.427752
13.456231 60.773997 9.011232
12.065221 59.741660 8.493000
12.971113 61.217789 9.024608
13.175273 57.965417 8.746737
12.733442 60.883329 9.368754
12.776875 58.765304 8.091132
10.655262 59.817792 8.639613
12.954509 60.694245 8.481269
11.582762 62.728278 8.699476
11.407574 62.681361 7.799284
11.926014 60.897232 8.533922
12.463075 59.397480 8.591004
13.598911 60.113089 8.473022
11.802717 58.226273 8.311074
12.484503 59.738413 9.047842
12.226972 59.793635 8.750094
12.248033 59.192196 8.184732
11.636931 62.927139 8.761925
12.578991 59.218028 8.008617
12.604082 59.246135 9.175100
12.910161 60.267795 8.931482
13.041404 58.354002 8.371947
12.262473 58.915267 9.044798
12.579102 62.080092 9.188447
13.378972 60.647590 9.221259
12.668900 60.796269 10.064852
12.907041 62.380694 9.113530
12.950344 61.234815 8.592502
11.869208 59.740508 7.871225
10.767060 60.497313 8.976246
12.291815 59.378336 7.927470
12.553628 60.863263 8.316696
11.693919 61.672616 8.099133
12.605003 56.778185 9.325572
12.412439 60.040145 8.324745
12.894239 59.402834 8.180349
12.658515 57.417671 8.919583
13.118217 58.085478 8.614341
13.038543 56.967327 9.767758
12.917212 57.587832 8.794678
12.942089 57.831893 8.435300
12.601742 59.721062 7.999099
12.211417 64.283201 8.021262
11.202562 58.433371 8.667367
10.949288 62.786580 8.875886
12.073053 60.119622 8.973045
13.786813 62.334692 9.086694
14.006189 59.793996 8.723984
12.291974 55.548199 8.335035
12.842195 61.705670 8.500741
12.090357 59.782212 8.548763
13.859982 59.118734 9.650863
12.571888 59.867039 7.988071
11.648755 58.509526 8.159522
11.534805 57.934935 8.321235
11.761001 60.424574 8.687049
11.996660 60.013518 9.054509
11.636803 62.286684 8.469678
12.562783 59.891251 8.773223
12.510377 58.806700 8.682847
11.888729 57.427290 8.575152
12.266461 57.898257 7.638359
13.237922 60.217904 8.131049
11.742343 62.062408 8.812119
11.504907 60.924768 9.578721
12.957049 59.247662 8.967211
12.882750 59.620602 9.304662
13.213275 60.351750 8.990901
12.723480 58.384428 8.020640
12.455383 56.337081 9.283012
13.020427 60.757740 9.272423
12.454910 61.006097 8.551597
11.340134 59.783452 8.730932
12.109177 59.361448 8.295183
12.891512 58.787504 7.862401
12.800516 57.147864 8.871486
12.174079 58.504641 8.660853
13.049044 62.351818 7.695829
11.443581 64.499728 7.502272
13.709983 55.617125 8.119600
14.160953 59.075800 8.702777
12.349591 58.494060 8.703218
12.465311 59.326659 8.649925
12.308986 60.961401 8.398470
12.609667 56.989807 8.522781
11.561880 60.148625 7.447817
12.427262 59.317225 8.319129
11.988239 59.515618 7.029752
13.760589 59.279053 8.881975
11.954632 61.793630 9.220832
11.717001 58.136937 8.097617
12.615403 61.024600 8.347779
11.542080 59.842436 7.730070
13.158956 61.904455 8.499477
12.913475 63.112130 8.005965
13.000275 60.445635 8.701154
12.983094 59.712365 9.114001
12.433317 62.162254 9.181173
11.694211 61.983376 8.474339
11.675017 61.344903 8.471164
12.698443 56.690744 8.055172
11.805222 61.402057 8.191816
10.416682 59.494542 8.623310
13.102173 58.494478 9.928396
10.353583 62.034785 9.404603
12.624925 61.279823 8.295262
12.367624 62.251363 8.866303
12.735636 61.608947 8.508559
12.957819 61.549208 9.063423
12.923835 60.016732 9.559345
12.508260 59.447286 8.822531
12.535075 60.638639 7.363195
12.783417 58.687963 8.924187
13.323721 58.043819 8.447019
12.237527 59.977864 8.454442
11.520854 56.935938 8.560231
13.181567 61.182963 8.697613
11.469992 57.023758 8.391811
11.940495 59.434467 8.936338
11.655942 58.210739 8.930421
11.071009 58.734097 8.880786
12.142896 57.808130 9.277135
12.570039 61.789866 8.312614
11.433260 59.960054 9.320242
12.403755 61.580615 8.563633
11.528270 58.645160 8.136564
11.165070 61.819936 8.730634
12.929563 59.930211 8.221521
12.674729 61.299574 8.873249
11.957030 57.248408 9.140385
13.098469 60.011341 10.295634
12.208217 60.391916 7.057534
13.217035 59.464960 8.384322
12.265080 60.392995 9.508274
12.681670 61.379861 8.285902
12.980037 62.920068 9.106620
11.549283 64.524363 9.126131
12.574461 59.933150 8.420346
11.529168 59.758418 9.592849
12.859155 57.946964 8.105645
12.399563 58.184973 8.949231
13.231886 60.887769 8.778176
13.105576 57.063019 8.858917
13.410101 59.104647 8.702387
12.457948 56.399192 8.198989
12.447456 62.276851 8.488896
11.984384 59.484282 8.510638
12.383887 59.726903 9.060474
11.713745 60.058216 8.486353
12.217404 60.215379 8.391331
13.612201 61.050419 7.619645
12.919216 59.388029 8.426891
12.168326 62.693328 8.715986
12.998494 60.485685 9.240023
11.659152 59.155205 9.286710
12.672607 63.322245 9.047654
12.882190 60.627716 8.902489
11.570726 59.879105 8.483274
12.829241 59.392188 8.660629
11.210948 59.211955 9.338027
13.410287 58.813791 8.103625
12.581725 61.641178 8.555397
12.040490 58.128848 7.680427
12.885065 58.985379 8.454466
12.691303 60.402553 9.460799
12.595157 57.624087 8.130049
12.687620 60.315059 8.711808
11.761742 59.243798 7.506337
12.296098 59.386181 8.225679
13.382895 60.564932 8.605975
12.974673 57.243642 7.965620
12.229865 60.750068 8.802267
12.016878 61.531817 8.073094
12.229670 58.603367 9.080773
12.023271 58.445597 8.443266
11.926392 58.966975 8.878340
13.686930 59.220838 9.429915
12.019019 60.995529 8.193520
12.094427 58.838916 7.560020
12.335098 61.781281 9.487144
11.229490 62.764606 9.141894
12.201407 61.523046 8.137576
12.199993 57.822972 8.524317
13.100208 59.299026 8.684012
12.736584 59.981632 8.142199
11.657406 62.144828 7.771051
13.803029 59.731057 9.197823
12.532067 58.219004 8.494311
12.015517 56.769888 8.414869
12.494771 59.861588 8.531239
11.231709 59.611045 8.715023
11.986813 58.930035 8.869560
12.886169 60.258811 8.251878
12.116996 59.327568 8.508521
12.501639 59.286529 9.114014
11.630554 63.068026 7.242803
12.385495 59.504441 8.740856
12.270138 60.732959 8.138697
13.175751 63.305121 9.854188
12.234619 62.498534 9.591778
12.724182 60.140482 7.770282
11.863459 58.495209 9.419615
12.770725 57.692386 8.158765
11.743821 58.733785 8.551590
12.267417 61.516155 8.139996
11.799316 61.623285 8.630082
12.539205 60.476686 8.159568
12.338628 60.204263 8.502425
11.596695 62.733318 9.026407
13.109801 59.510864 8.946205
13.207848 58.826197 9.404732
12.987592 58.210960 9.279951
12.722261 61.714083 8.416603
12.490857 60.775090 8.083587
12.564848 59.252581 8.425602
12.323491 61.074686 8.184041
11.194107 63.949161 8.804381
13.978493 59.386314 8.133079
12.309303 60.745995 8.893145
11.815976 59.303243 8.349719
12.071692 64.553384 8.591460
12.318336 60.846678 9.001047
12.673968 59.693533 8.978054
12.779001 59.827471 8.475302
12.286999 60.976144 8.680918
12.576347 60.757807 9.698820
13.188034 61.059746 8.511042
13.183453 62.602986 8.958032
12.233103 60.915750 8.871652
12.271281 60.449796 9.138795
12.323947 61.423458 8.691645
12.898349 61.246100 8.983779
11.322390 59.797689 9.653147
11.558696 60.881119 7.679556
11.820951 56.941016 8.144879
11.319402 59.830266 8.701762
12.020382 58.096553 9.061266
12.970734 59.686483 8.440624
12.631856 63.040757 9.026778
12.638408 63.940295 9.057402
11.704237 57.952870 7.825671
13.416437 60.299741 7.528271
12.186846 57.933739 8.195436
12.097930 59.914427 8.663869
12.552035 60.893551 8.862819
12.024736 61.929193 7.969669
13.175733 63.618288 8.064348
13.001625 59.447301 9.439529
12.116160 60.434719 8.583456
12.214421 61.730465 8.571035
12.596471 60.581368 9.493620
13.487041 58.948276 8.048019
12.392503 58.921054 9.576048
12.038864 60.114747 9.074073
13.050824 61.636553 9.635055
13.023407 58.561850 9.069748
12.748826 60.861906 9.063058
12.654101 59.325945 8.881260
11.727488 63.784764 9.599139
11.966783 60.829241 9.103418
11.771042 60.646757 8.536931
12.653026 58.655150 8.094433
14.073802 62.573499 8.652933
12.628460 61.895169 8.105993
13.719480 59.498146 8.546632
12.938462 57.790789 8.850240
11.840631 59.470818 8.606632
12.685753 59.820946 8.500224
13.203938 59.890851 8.887988
12.146816 63.663784 9.262671
12.186527 58.154653 8.311521
12.928001 58.273289 7.972387
12.179613 60.341860 9.578374
13.325049 61.288272 8.129265
12.173798 56.669099 7.879009
11.363581 58.788687 9.490149
11.949206 58.107752 8.032903
12.364422 62.033662 8.761175
12.148410 59.047740 8.135881
12.936814 61.182772 8.564955
12.369636 59.533584 8.671981
12.615800 63.685601 8.655251
12.641197 58.270124 8.333411
12.484118 61.630299 9.698607
13.193864 58.281459 8.661990
12.251242 61.544294 10.196599
11.305486 59.245406 8.326380
13.938360 60.163395 9.089112
11.461617 59.513993 7.939944
13.413864 58.975958 7.674051
11.566957 61.474572 9.016200
13.248690 57.899095 8.746773
12.821369 62.108920 8.144922
13.480976 62.493269 8.016589
11.705460 57.265615 9.166282
12.892441 57.981213 8.985421
12.722916 60.267529 8.357572
12.269790 59.682982 7.589956
12.667788 60.115145 9.509165
11.986392 57.299994 8.025824
12.206505 61.717932 8.778798
11.723386 61.626995 8.161941
13.339222 61.018525 9.329865
11.925978 62.027936 8.445234
12.547091 58.690750 8.117279
12.753375 59.378785 8.741485
12.259235 59.564936 8.694615
13.277250 61.429908 8.696507
13.713331 60.247180 8.865492
13.129253 62.638074 6.898773
12.472259 59.711228 8.374475
11.288207 60.681973 7.883103
12.173285 61.071669 8.148644
11.887151 59.289247 9.515904
13.000578 61.230637 8.881187
11.521754 58.154355 8.766104
11.218045 58.404516 7.947675
12.897323 60.603662 8.361924
12.742736 63.446064 8.361740
11.898556 59.918608 8.425104
11.986681 59.891351 9.127950
11.908471 58.718663 8.582419
12.687243 59.560795 8.772231
11.339468 58.240147 8.634262
12.612843 58.300016 8.792242
13.198765 60.919588 8.918776
12.512431 61.128047 7.671211
13.290175 62.147916 8.718219
13.111454 63.344281 8.763713
12.267045 61.363705 8.504651
12.110259 62.895328 9.070983
11.487824 60.124345 7.755523
12.262941 61.534170 8.527651
13.693768 57.767046 8.288625
12.712622 57.659028 8.308321
12.146751 60.876818 8.831197
13.787430 58.813337 8.710395
13.243496 61.640812 8.563118
12.445937 56.636412 8.104777
12.243722 58.133739 8.398010
13.148901 59.987442 9.169592
12.064855 60.268318 8.421931
12.903444 58.956482 8.025363
12.329955 56.041095 8.661960
12.250504 62.571655 8.821392
12.847169 60.718401 8.418194
12.936538 57.775630 9.219627
12.024222 57.574337 8.889169
12.170374 56.947094 8.487842
11.052798 58.072032 8.669806
12.694919 62.551525 8.699707
12.657367 55.674720 8.228428
11.889088 60.969158 8.175008
12.861905 61.328415 8.425950
11.943084 60.831628 9.087279
12.417459 58.827790 7.897184
12.239895 58.465672 7.808286
13.401519 62.263851 8.067362
11.781089 59.077730 8.352097
12.106833 61.417368 8.685162
12.664720 60.993195 8.523211
12.861107 58.714407 9.117438
12.484196 58.296627 8.628038
13.189727 57.770322 7.978116
12.595997 59.049446 7.480332
11.640716 62.832244 8.857472
13.994794 60.095000 9.377510
13.998573 60.737907 8.380552
11.713574 59.122964 9.301044
12.069041 58.235157 7.771186
12.022332 61.381420 8.474740
12.508479 59.669762 8.464101
11.850701 59.372354 9.198006
12.810008 61.127294 8.604130
12.731238 63.062614 8.137177
11.965512 59.905856 7.436153
11.700441 60.165176 8.892938
12.148818 58.522737 8.746943
12.661471 60.353236 9.182370
12.608226 58.738171 7.415875
11.899487 59.103635 8.919900
12.814985 60.550395 9.487787
11.495520 59.745771 8.898616
12.028648 60.340454 8.724594
12.461854 60.649504 8.410771
11.605249 59.161325 9.557958
12.161622 58.571793 8.033746
11.941133 58.376562 7.257613
12.840065 58.071892 7.969609
12.234040 58.078383 8.120448
12.619487 61.768261 8.453487
11.842036 60.202121 8.275402
12.585191 55.679185 7.737441
12.511851 60.279148 8.448909
12.899789 59.231137 8.109255
12.958656 59.573376 8.470544
12.910299 58.353071 8.578460
13.514103 61.625047 9.823719
12.275049 59.893529 8.645414
12.211177 59.735111 8.614139
11.660783 60.577446 8.147297
12.213290 59.945799 9.408072
13.073108 58.211349 8.860689
12.477918 60.701882 8.308718
13.044496 57.873080 9.081684
10.801253 61.193685 7.997693
12.134899 58.901228 9.425396
11.777466 63.273892 8.277124
12.953696 58.717651 7.755443
12.017056 60.423052 7.540337
12.621112 58.717685 8.750663
12.157899 59.719940 8.682771
13.058915 59.813998 7.741594
12.073619 60.699124 8.465231
13.499580 59.999654 8.376985
12.725826 61.615681 8.998256
12.723814 61.119282 9.279160
11.968297 59.435803 8.503943
11.764547 63.731163 8.550823
10.682332 58.743605 8.625884
11.519960 57.567425 8.709003
12.745868 57.720230 8.509559
13.194938 59.917763 8.614125
12.093773 62.252923 9.530598
12.739782 58.498006 9.151859
11.756537 60.683158 9.104275
13.528691 58.547286 8.318320
11.854981 60.910123 9.432633
12.090688 59.365457 7.564620
12.296503 59.425724 9.207825
13.292969 59.984790 9.040428
11.870167 57.700738 9.328997
12.530420 58.662528 7.480084
12.330912 60.948715 8.604681
11.805314 58.900789 7.870449
11.970370 60.970430 8.712781
13.044324 58.742835 8.730951
13.595954 57.259857 8.823221
11.807003 62.339742 9.485207
11.747530 62.370128 8.700124
12.427423 59.223674 8.687062
12.476921 60.581690 8.632665
11.413982 60.317800 9.118405
13.494271 60.507023 7.967657
12.205454 61.971336 9.198476
12.065377 56.673062 8.077156
12.298834 58.132737 7.991413
13.389491 60.622178 7.833917
12.638734 62.320339 8.921091
13.598129 63.140192 7.873268
12.448505 63.401852 8.400231
12.945530 58.375726 7.983283
12.685851 57.256493 8.291988
12.848073 60.204873 7.950740
12.257815 61.741400 7.457557
12.173300 60.710520 9.163398
12.545512 58.232680 8.330152
11.368732 61.762752 8.721044
13.249519 62.336764 8.367102
12.957613 58.925216 9.706756
12.280861 61.839683 8.327800
12.467402 61.784716 7.378248
13.539402 61.327062 8.433807
13.288033 57.993492 7.775352
12.343645 57.563496 8.573765
11.456945 60.418699 9.648042
12.822349 61.623421 8.615601
12.387543 59.762062 8.837549
11.786385 58.761542 8.701672
12.099256 61.008123 8.952645
10.352688 58.917789 8.912318
11.634444 61.698898 8.943735
12.551738 60.931459 9.112782
13.209498 61.931421 9.083962
11.027038 57.587836 7.912982
11.981344 59.219382 9.022448
12.182623 60.651958 8.395079
13.779059 58.523904 8.600294
13.217023 62.132681 9.595320
12.591487 65.154795 9.107455
12.844390 59.910713 8.615666
12.443917 62.877999 7.921103
11.844994 59.775434 8.132762
12.544755 57.730190 8.639687
12.450508 61.357365 7.915839
12.543528 59.498675 8.633235
12.434436 62.586192 8.296699
11.827449 59.699607 8.162796
13.056737 60.549659 8.952226
12.524069 57.952371 8.598278
13.153661 56.528478 8.432354
12.550650 61.409529 8.106640
13.289629 61.239476 8.208848
12.317012 60.821192 8.520492
11.991472 56.500593 8.015211
12.497876 60.302386 9.261384
12.130841 59.824880 8.694154
12.736299 59.345241 9.719332
13.104306 59.038705 8.089801
13.362223 63.214945 10.259022
13.037970 63.074501 8.139797
12.315978 59.442396 8.902636
11.518068 62.881472 8.485911
11.683910 59.285135 8.778403
11.992358 60.636221 9.276617
12.471314 60.206759 8.546930
12.715574 62.324232 8.055141
12.114632 59.393118 10.091539
12.554527 59.904344 8.924008
12.679957 63.376219 9.344672
12.552811 57.311432 8.745559
13.348037 57.780686 7.631413
12.755510 61.692029 8.146245
13.098064 60.868396 9.468429
12.903051 59.952646 8.582974
11.707573 58.029019 9.692405
12.366489 57.435159 8.556850
11.792863 61.737275 7.887877
11.653499 59.691097 8.714815
12.084979 60.005582 8.957926
12.612348 60.664701 8.468069
12.329553 61.057967 8.530035
11.624236 58.359731 9.263631
12.859607 60.373146 8.184101
14.049929 60.145852 8.162661
12.465484 61.192745 9.019024
12.608067 56.577798 7.817354
12.648965 61.127076 8.196266
12.888179 62.471950 9.019466
12.182630 58.805050 7.976983
12.342057 60.724163 9.463531
11.939965 56.739540 9.425024
12.885576 61.315563 9.414132
12.297522 61.713627 9.776111
11.778292 59.101608 8.565403
11.715890 56.453593 8.785993
13.251936 61.276579 8.410141
12.999368 60.089901 7.481845
11.495125 59.726070 8.781421
12.592765 57.728768 8.219439
12.689658 61.922132 8.576317
12.271273 62.965173 7.422938
12.630528 58.435320 9.104697
12.797847 59.192514 8.688779
12.011403 59.604771 8.345778
12.430432 59.529173 8.830580
11.537498 57.866329 9.176876
13.198193 58.380967 8.964608
12.275385 60.710162 7.720957
12.458707 58.307172 8.719786
12.260206 58.761477 8.783475
13.495814 58.357529 8.458832
12.397785 58.719928 7.816981
11.858634 59.941938 9.084120
11.700750 60.820174 7.974654
11.982144 60.874772 9.388974
11.156585 60.386961 9.280266
13.092995 58.832595 8.674938
11.801827 63.343973 9.319840
12.714033 61.594259 9.058240
12.340986 57.076654 7.651124
12.154062 60.688076 8.157920
11.182501 62.377314 7.815257
11.876682 62.550069 8.835697
12.097938 58.646799 8.035331
13.243093 58.198190 8.200595
12.128136 59.539162 8.760748
11.614778 60.486895 8.384270
12.191425 61.057578 8.211805
11.978152 59.460503 8.782187
13.403975 58.587793 8.833692
11.378235 58.944311 7.969993
13.128065 59.431384 9.424527
11.980728 59.611540 8.260708
10.886530 59.294016 8.791701
12.070249 61.512600 9.262473
14.007700 61.327921 8.811055
12.931940 59.942144 8.374420
12.524510 59.507622 7.729144
12.026611 60.238185 8.592605
11.555474 57.981287 8.815819
12.261001 58.571755 9.582194
12.601647 60.251044 8.425507
12.359386 57.588163 9.271469
11.746428 56.400155 8.206272
10.989029 62.815345 9.386349
12.845494 59.274603 8.400424
13.033174 62.384797 8.606206
12.871180 59.544440 8.082697
12.326975 58.285024 8.634090
12.798403 58.794235 8.502002
11.734397 58.759442 8.116630
11.826557 61.370460 8.701434
12.638859 59.705668 8.269269
12.681196 61.733949 9.874773
11.065427 57.216388 8.069862
12.463497 61.215659 8.034433
12.254510 59.241868 7.641352
12.366804 58.997385 8.428628
12.572602 59.235620 8.411128
12.275101 60.371045 7.931451
12.209914 60.766419 9.352489
12.418906 60.893858 9.309237
12.122978 64.041008 8.958926
12.177922 62.217675 9.927293
10.721836 55.490717 9.249719
13.021571 59.644095 8.985252
12.842399 60.472446 8.330697
12.559795 59.350323 8.991770
11.560982 60.768319 8.845326
12.008103 59.441335 8.642645
12.614445 59.813235 8.868071
11.659248 59.323670 8.520150
12.932364 59.780801 8.396434
11.625896 58.345304 8.597232
13.030842 59.358269 8.446615
11.812522 57.083901 8.944826
11.712916 60.719681 8.483007
12.270729 58.956067 7.713084
11.741549 58.592743 8.801652
11.673054 60.733674 8.051416
12.695263 57.893309 8.767744
13.060892 56.873304 9.163218
11.465089 61.027141 8.670114
12.411203 61.370446 8.042433
12.310593 61.209938 9.510696
12.903980 60.809288 7.869801
12.455965 58.656798 8.570949
11.933128 59.686696 7.750128
11.968700 57.143526 8.245351
12.983503 60.092261 8.532933
12.809537 60.636327 7.903069
12.074188 61.032289 7.868912
13.276987 57.951432 8.798262
12.317924 57.384001 8.680999
12.560322 61.688590 9.212848
13.186735 60.154120 8.908719
12.610652 61.413825 8.988886
12.386480 61.626419 9.025364
12.877702 61.100366 9.925048
12.694851 59.757612 9.231345
12.017681 60.054434 8.564583
12.166936 61.213682 8.355498
12.163107 61.126532 9.321443
11.713152 60.858191 8.320907
11.910632 60.167145 8.148501
11.479629 61.840914 8.031339
12.495274 61.940120 9.022298
11.943319 58.862666 8.606144
12.352643 58.594644 9.041339
12.159696 58.963586 8.264422
13.038199 61.385247 8.611331
12.545373 61.302554 7.852337
11.637828 61.598220 8.146586
12.661938 56.882197 7.992452
13.043075 61.991743 8.777989
11.940447 60.780241 8.079914
12.478624 60.713488 8.481500
13.073081 60.629884 8.864701
12.383594 58.184471 8.855819
12.798478 61.004754 9.364668
11.686335 57.658540 7.388922
12.546916 57.367110 8.935803
12.365299 59.445360 9.065287
12.032889 60.480555 9.173588
13.137607 60.159462 8.744799
11.372229 60.872517 8.357562
12.829007 59.601566 8.169578
11.789840 62.319865 9.151537
13.813239 58.113625 8.793019
12.621579 59.342024 7.841965
12.320100 57.548023 8.639565
11.895228 62.253450 8.334210
12.712125 61.696532 8.589962
11.846150 60.100276 9.079207
11.062819 55.875346 9.456415
11.481003 63.722267 8.812122
13.394527 57.114839 8.497564
12.464867 58.971176 8.989188
13.245052 60.157693 8.956878
11.774223 59.327192 8.505875
11.735316 59.824958 8.112307
13.208099 59.796360 8.814383
12.138584 61.778830 8.522238
13.120503 58.763228 8.258009
12.214751 61.362606 8.523887
12.381130 58.241947 7.897102
12.179971 61.180034 8.928159
13.003039 58.212414 9.038305
12.848958 57.013821 8.867618
10.901689 57.735257 9.453172
12.473765 59.925098 8.633835
12.500533 60.806325 8.576991
11.929897 60.303609 8.839675
12.704465 61.182447 7.887901
13.629490 61.385719 8.109579
12.556835 58.793789 9.394512
13.035341 60.159022 8.489682
14.232914 60.539939 8.976992
11.968733 62.304078 8.658436
12.685829 58.114966 8.952004
12.321167 58.627599 8.079531
12.417686 58.624088 8.762927
12.362204 57.783890 8.740905
11.961068 58.739546 7.943198
13.528579 58.300321 8.666740
11.336665 58.999875 7.798286
12.232020 60.509576 7.744894
12.822784 60.560996 8.461147
11.802016 61.866022 8.872894
12.227329 57.771130 7.593363
12.706592 60.615520 8.041363
12.180230 61.228545 7.899022
12.694135 59.545284 9.309952
13.259597 62.966012 8.553844
12.277756 57.442823 8.261715
12.421005 61.292739 9.172632
11.712712 58.753928 8.748532
12.158244 62.395032 9.223574
12.993294 61.334752 8.106212
11.537104 58.352928 9.083401
11.844875 58.742453 8.753638
11.791984 62.705138 8.870288
11.662828 61.784039 8.312825
13.572778 61.753293 9.345831
12.685022 60.262310 8.486921
12.419509 57.502934 8.356816
12.373134 59.255974 8.585963
12.223737 58.005394 9.019538
12.082513 60.148109 9.036751
11.630913 61.223071 8.405166
13.538681 59.495189 9.746545
12.932886 60.196660 9.033226
11.322430 59.655552 8.427146
12.000171 60.612266 8.882272
11.377150 57.898887 7.716482
12.156206 57.227793 8.682871
11.965122 60.278660 8.639683
13.247787 61.451619 8.398938
11.721464 58.555989 7.721673
11.573304 61.666683 9.314477
13.130761 59.841200 8.941918
12.923215 58.469480 8.441180
13.060035 59.230451 8.426198
12.805252 58.940675 8.293607
12.146842 61.922229 8.645089
13.103244 58.614098 8.579802
12.464091 56.940077 8.841894
12.761757 56.216111 8.480538
11.331660 60.815187 9.208979
12.332293 59.158902 8.349132
11.810110 60.278516 8.820677
12.711673 60.669691 7.836891
11.953708 58.728945 9.238371
13.053672 61.255486 8.169016
12.841554 61.673262 8.988249
12.683668 60.797530 7.633649
11.898061 58.188790 9.245734
12.160664 58.949376 8.361127
12.317982 56.979666 7.917060
12.355256 58.003134 8.823459
13.784627 63.472134 8.758206
11.364996 61.163663 8.133328
12.578725 59.188429 8.440798
12.446359 61.390820 8.523050
11.987932 60.629139 8.661436
13.295436 60.259298 8.006984
12.435617 57.959341 8.976093
11.490626 56.593003 8.321717
12.001176 59.524134 8.470678
12.881049 61.199638 9.004066
12.343731 58.055296 8.469507
13.483952 60.655481 8.550924
12.834284 60.086485 8.232571
12.307528 62.232534 8.514180
12.358178 63.188589 8.958524
11.814202 59.137367 8.359862
12.944988 59.242792 8.864799
13.323264 64.035358 7.888315
11.500928 58.696293 8.447500
13.349962 58.763531 8.677673
12.497153 57.930821 9.051248
13.486071 59.113781 8.117504
13.352004 59.925913 8.748607
11.774271 61.912269 8.866897
12.194746 61.359340 8.590520
13.117952 59.380337 7.410500
12.539848 57.654638 8.823449
12.324168 58.061025 8.767460
12.463750 61.042428 8.564140
13.231698 62.629926 7.298270
12.303043 63.624144 8.741363
13.495620 59.242887 8.487604
12.266931 60.648559 8.568903
12.360718 59.337184 8.870739
11.958774 60.578923 8.422784
11.481133 60.475576 8.701064
12.357777 58.739568 8.847383
12.430821 64.396712 9.515548
11.939941 58.669719 8.837157
13.043459 61.732188 9.732698
11.833761 59.932166 8.480850
12.373390 59.974662 8.541647
12.096310 59.816859 9.099145
12.453138 60.985838 8.264383
12.848422 61.381876 8.281184
11.670863 58.712988 9.046961
12.252546 62.231345 8.490102
12.645538 61.812733 8.489679
12.971236 58.790021 8.325450
11.599680 61.280356 9.312817
13.411379 59.927077 8.983068
12.243720 59.058066 8.767531
12.353189 60.107748 8.204213
12.781123 58.570903 8.650352
11.994615 58.599326 8.269582
12.662409 56.981518 8.762389
12.523788 59.747498 8.468068
13.179478 60.884891 8.103697
12.007953 58.314962 7.907814
12.217812 60.333746 8.417887
12.675295 58.025841 8.507272
12.284538 61.502487 9.356185
12.283485 59.343822 8.927909
13.170266 58.509940 9.325945
12.881973 60.200948 8.665955
13.713309 57.260291 7.259474
12.550776 60.811858 8.877578
12.005979 58.304987 8.122986
11.743742 59.665997 8.589164
12.615829 62.078047 7.945498
11.801061 60.176322 9.077998
13.027787 59.980303 8.046186
12.288569 61.471951 7.670032
12.841670 60.646442 8.472001
12.986675 57.808621 8.101706
13.130717 60.924649 8.383095
11.932456 63.025446 8.038065
12.643684 57.954590 8.322185
12.125445 60.335166 8.769866
11.222183 61.258217 8.709258
12.008014 61.564954 8.495926
12.752750 60.946393 8.751937
12.657810 58.443562 8.725098
11.967128 60.189169 8.939691
12.235642 59.534427 8.691707
12.016075 61.192021 8.529155
12.169580 63.458809 9.140880
11.289828 60.703741 8.543998
13.349340 59.338470 8.829820
12.811261 62.242920 7.961382
12.005675 61.233931 8.605781
11.968620 60.237107 9.197960
13.140394 59.550397 9.103702
12.693308 59.965832 8.539741
12.114051 60.716350 7.799583
12.813874 59.289126 8.958076
12.627683 59.009967 7.942185
12.689653 59.229536 8.889098
11.154873 59.846983 7.701912
12.664362 60.495940 9.488023
12.199715 59.494285 8.112598
12.737551 58.530427 8.937721
11.831862 60.966865 8.962914
11.393429 57.149249 8.138346
13.349731 57.961621 7.868523
11.626611 60.260208 8.503085
12.058948 57.886830 8.607159
12.992176 60.198616 8.683638
11.613728 59.388053 7.834456
13.016557 59.756034 9.056934
12.797597 60.028501 7.392949
12.528310 61.571584 8.220945
12.078853 60.968910 8.466865
12.852070 63.041122 8.567141
12.404812 60.707403 8.182542
11.591619 60.366157 8.485531
11.606629 58.640924 8.816461
11.072492 60.871944 8.096117
12.171613 63.155818 8.749787
12.076447 62.377096 8.126358
12.048085 58.853204 7.690438
12.565590 60.476011 9.691681
11.860041 60.090428 8.320862
12.307975 59.525492 8.552831
11.806608 60.438272 8.475343
12.399142 60.413598 9.060448
11.707138 62.587930 9.775936
11.690568 59.238260 8.562719
12.295401 60.283909 8.185645
12.502830 58.306807 8.294712
12.903009 56.311996 8.867669
12.087607 60.528651 9.235562
12.088058 61.165348 7.999726
13.207514 61.021965 9.184621
13.128722 61.306685 8.651473
11.102436 59.898784 8.406313
13.579579 59.391681 8.112330
11.536912 62.264699 8.444797
12.642658 59.712271 8.891348
12.366645 60.593038 8.559700
12.601850 59.939048 9.431067
12.315707 61.878092 8.243885
12.388491 57.077770 9.887525
12.642962 60.467409 8.247957
11.578876 60.254237 7.940550
12.230897 61.471426 8.808299
11.544154 57.235625 8.337484
12.504578 60.353069 8.696743
12.165589 60.889744 8.506985
11.797331 58.088252 8.471189
11.033910 61.004029 7.721483
12.632808 63.006095 7.592205
11.902503 61.073363 8.860485
12.114806 61.949210 8.848793
13.094913 59.835542 9.284114
12.561132 58.344220 8.303806
12.207797 60.470570 8.171175
12.573061 61.917863 8.478642
12.827996 60.114792 8.493442
13.656657 60.988425 8.367638
12.283494 60.709329 9.420526
12.958491 60.213226 8.699671
13.293161 61.796133 8.520689
12.496365 61.211291 8.542361
11.897733 60.928840 8.770366
12.251053 60.762910 8.487555
12.537043 61.190744 8.076497
11.350312 60.893914 8.417762
12.226724 63.743894 7.798241
12.260249 61.554467 9.185302
12.178845 57.997103 8.227289
12.192224 58.179788 8.987928
13.191084 58.603761 8.678656
13.859820 60.595278 8.102037
10.993533 61.333653 8.982960
12.179948 57.747172 9.258357
12.173651 60.855303 8.731143
11.417606 60.429400 7.667651
11.774002 63.776425 7.779814
11.653670 57.731726 9.147496
12.053745 60.624680 8.655514
12.259776 61.283178 8.114932
11.308122 60.073122 9.662749
12.914576 57.768479 7.487867
11.620773 59.990446 9.534297
12.228751 59.721518 8.799030
12.551967 57.351998 7.420111
12.601747 60.296710 8.873995
12.491243 57.883516 9.048325
12.667269 58.351174 8.875340
12.881223 58.968015 8.746266
12.530914 61.303390 8.429455
13.140748 60.095453 9.058411
12.683937 57.797926 8.636063
12.151547 58.959156 9.389808
13.479583 60.034664 8.433825
12.101490 59.580637 8.710561
12.467044 61.430128 9.129290
12.035954 61.136486 7.593806
12.727687 60.428721 8.385894
11.452746 62.892255 9.226710
13.225955 59.003207 8.352332
12.557668 61.873198 9.093986
12.999971 58.189552 8.563869
11.844855 59.534985 9.036773
11.536564 60.456004 8.562891
12.914390 59.206819 8.691632
12.438156 59.527236 9.083142
12.670835 59.748012 8.106176
13.064521 59.763264 8.734580
12.083942 58.180684 8.926867
12.191400 61.435678 8.243557
12.720397 59.604972 8.453187
12.685921 63.717438 8.760487
12.799554 60.308271 8.324685
11.849984 58.069346 8.711899
12.846221 58.057719 8.943979
11.674779 60.374346 8.069352
12.629867 59.366267 8.990655
12.106711 58.375400 8.478597
11.744336 59.214206 8.036847
12.819900 60.069264 8.816955
13.028626 58.859777 7.774845
12.226805 61.523298 8.462494
12.511951 61.578758 8.553475
12.851118 61.640072 7.911868
12.700803 57.050219 7.772805
11.815178 60.318329 9.060243
12.944105 60.247553 8.134665
12.691493 58.968731 8.607395
11.959773 56.933070 9.207673
11.706677 58.730737 9.600272
12.576347 57.214112 8.885475
12.785189 59.793038 8.723128
11.986581 54.904031 8.516192
13.001914 60.183410 8.713952
12.318014 62.220613 8.136332
11.697088 60.778212 8.546882
12.183153 61.059701 9.100149
11.755866 57.024675 8.325868
12.337364 60.045619 8.429468
13.259910 58.377948 8.995165
11.105361 63.332415 9.085734
12.562711 58.164273 8.007550
12.162030 62.044447 9.001637
12.310280 59.229188 9.089694
12.658749 61.689838 9.151201
13.016463 62.940484 8.308427
13.282408 59.184150 8.075991
13.176700 58.834883 8.108155
12.489337 57.864936 8.685316
13.436381 61.243822 8.227103
12.345109 61.118824 8.462082
12.464604 62.239910 8.984451
12.508071 58.862306 8.133072
12.701736 60.337406 9.349978
12.532127 58.812540 8.892920
11.695758 58.901853 10.165701
12.570580 59.521266 8.520150
12.564193 59.869264 9.109490
12.869930 59.954951 8.949787
11.249924 60.185580 8.379632
11.856031 60.257214 8.045979
12.669128 57.748231 8.554681
12.453014 60.395657 8.551870
11.568806 56.546260 8.861977
12.008921 56.765316 8.582938
12.557876 61.670095 7.787585
10.522934 56.590153 8.427080
12.262614 62.694809 8.810435
12.387592 60.200400 8.519177
11.798069 57.529771 8.768604
11.740760 58.301307 9.339759
12.823041 58.816972 7.692782
12.696021 58.939812 8.727910
12.356182 59.697378 8.178260
12.001040 59.405937 8.196801
12.401766 57.635433 9.244911
12.452688 59.183175 9.030798
11.998484 57.299481 9.040877
12.140009 60.581303 9.368036
12.091140 56.611816 8.285878
12.136645 62.477389 9.010677
11.962492 60.033344 8.943047
11.422719 57.193909 8.462851
12.554637 59.213531 7.479736
12.304894 62.663111 7.530713
11.832885 58.386998 8.671494
13.153482 58.782691 8.075287
13.222978 59.640557 8.908130
12.522068 59.929090 9.153390
12.724673 59.793331 8.883589
12.284314 59.004224 9.059079
12.636078 58.443991 8.157431
11.766547 61.207159 7.961335
12.540768 60.790802 8.256954
11.916805 58.719619 8.166564
13.652583 60.136730 8.510895
13.206724 59.135276 8.531666
13.445634 57.744838 8.276979
12.563051 62.348399 8.671261
12.104388 61.048735 9.091532
11.375820 59.682402 8.300105
12.772880 60.478268 8.375131
11.729583 61.468870 8.917599
12.857566 58.397693 7.862644
13.418462 59.941352 8.106524
11.793560 57.774585 8.908693
12.021470 57.510654 8.077039
13.154584 60.168877 9.164568
13.223027 60.894414 9.442856
11.635656 59.167221 9.168147
12.677943 57.920216 8.077755
11.765842 58.366386 8.005707
11.944899 61.256799 8.967010
12.147834 60.503847 9.326634
12.249727 59.645188 8.912385
13.100639 59.350396 8.737524
12.012278 58.232148 9.387521
12.770484 59.671560 8.662096
12.191755 60.017142 7.781584
11.888145 58.834456 9.595012
12.980537 61.329887 9.483558
12.240154 62.406386 8.244060
12.504873 59.559205 8.455407
12.705094 61.712161 9.845175
12.257887 62.097170 9.550990
10.768627 58.524715 8.970363
12.219514 57.538310 8.492296
13.224571 62.311288 9.565883
14.022806 63.185210 8.782719
12.263718 62.355756 8.874971
12.108392 62.023348 8.865175
13.315651 58.301554 7.183219
12.866456 58.395970 7.826996
12.326960 61.869888 8.216578
12.131822 60.189650 8.680441
12.042837 59.947049 8.416218
12.882896 56.866427 8.338032
13.717743 57.896374 8.381784
11.963093 58.090666 9.689481
11.946339 60.074246 9.377284
12.313532 56.813782 8.736477
11.558766 61.130032 8.788910
13.526466 59.472773 9.562166
12.218701 60.958562 8.379787
12.302087 60.392187 8.064473
14.025598 61.747224 8.107500
11.483737 60.232932 9.259913
11.677907 60.589183 9.156850
13.325960 60.185230 8.264816
13.245646 58.958148 7.806558
11.978960 60.803876 9.116964
12.458424 59.875647 8.121660
12.591326 59.009243 8.540884
12.676970 59.879444 7.712997
11.588955 62.747046 8.962662
11.769514 59.062685 8.989720
12.154420 59.879880 7.736997
11.818236 59.362728 8.786552
12.180971 58.939992 8.211250
12.525196 59.233434 8.340075
12.479199 54.304316 8.299286
12.427991 60.992533 8.256463
12.931636 61.232335 8.219496
11.878347 59.761053 8.678074
12.417220 58.533906 9.041572
11.716343 59.763550 8.568853
12.366737 63.355194 8.272141
12.201547 59.876770 8.491302
12.234062 61.386945 8.451935
12.692264 58.538779 9.394148
12.665602 57.883838 7.511811
12.583363 58.571323 9.011762
12.467776 60.164148 9.081310
12.396399 61.492068 7.641147
12.952145 61.956467 8.541881
11.189820 60.058679 8.308656
13.046269 62.869434 8.251176
11.782677 60.366159 8.683205
12.475857 60.429739 7.607088
12.483235 58.056704 8.424711
13.416006 58.142117 8.453375
12.548653 60.068008 8.485659
12.313112 57.740324 8.409872
11.453681 60.840745 8.307046
11.630966 58.524797 8.460845
12.435610 58.203602 8.035529
12.384003 59.021052 9.174974
12.569626 59.424902 7.894312
11.789631 60.127755 7.975684
12.763468 56.494961 8.556223
13.325030 60.392804 8.353003
12.308298 56.580165 8.435807
11.628675 55.522252 9.331171
10.319753 62.030195 8.547085
13.416870 57.922887 7.320428
12.713034 60.323595 9.766435
13.460484 59.529198 7.720102
12.553302 62.780443 8.283216
11.928374 58.151970 8.383345
12.842231 60.489758 8.887732
12.140239 59.594267 8.215915
10.758594 58.537259 9.064975
12.118196 62.010828 8.412218
11.843132 57.236731 8.171456
12.603650 59.717991 9.213567
11.812749 59.868170 8.887076
13.360409 59.594226 8.947154
13.232782 59.434761 8.233232
12.746372 62.777190 8.427466
13.065784 60.257268 8.431789
13.901004 60.015016 9.165514
12.493543 61.750467 8.759467
11.453066 61.476542 7.897057
12.700519 59.940532 9.474664
12.466205 61.440744 7.439302
12.032168 60.618187 8.137486
13.132131 55.774288 7.719720
12.175422 60.897051 8.117654
12.363200 61.168568 8.361765
12.120566 62.584276 7.910525
11.501651 59.339611 7.723957
12.184975 58.405872 8.596709
12.559830 62.693943 9.206426
13.156534 60.546135 8.629171
12.509572 63.974863 9.359955
12.525884 61.307502 8.445460
12.305635 59.235431 8.598992
12.405646 59.838404 8.877176
12.391231 58.733829 9.402215
12.319176 60.025637 8.926386
11.776945 60.388784 8.862336
11.969202 61.352609 7.857712
11.922212 59.055485 9.002041
12.525878 62.393661 7.940724
11.703122 59.044165 8.945477
12.146536 60.115163 8.937080
12.569131 58.441237 8.195596
12.167387 59.976108 8.889389
12.319752 60.524581 8.859616
12.935704 60.088941 9.267606
12.403658 62.204679 8.031255
12.329925 60.081131 8.679950
13.060233 59.805735 9.241867
13.470058 58.032547 8.395090
11.826220 63.777418 8.889876
12.635072 58.823148 9.142583
12.163112 58.057018 8.186712
12.632734 61.604538 9.070251
12.389101 61.444889 8.258050
13.108486 61.316250 9.123237
13.021118 58.974681 8.125893
11.681331 60.523681 9.348053
12.261645 58.002145 8.273123
11.438283 57.255201 8.454593
10.971411 62.919867 9.229342
12.248586 60.950327 9.059408
13.307010 60.027372 9.234353
12.875030 56.474359 8.115559
10.888869 61.160577 8.473061
12.070775 59.707517 8.664667
12.440072 57.784557 8.563560
12.860284 57.980046 8.047469
12.367841 59.694321 8.542979
12.001605 59.739033 8.704477
12.656101 59.570024 7.679335
13.112124 62.304022 8.574822
13.707206 58.565534 8.440545
12.464218 57.955825 8.818647
12.875692 59.188673 7.676486
11.293875 61.089237 8.212198
12.734413 60.816057 7.882321
12.405756 61.809714 8.034596
12.738913 61.916782 8.982536
12.743490 61.517849 9.423996
12.198364 62.136475 8.283149
12.297017 61.463211 8.687015
12.324548 59.449163 8.379533
13.509048 58.102881 8.016194
12.119467 60.488465 9.257006
12.165669 61.398822 8.407025
12.152768 59.687154 8.924096
12.499849 60.808871 8.335117
12.715880 60.652908 8.283003
12.697527 60.370285 8.517151
12.025786 59.128767 7.846654
12.186938 61.318826 8.613262
12.948244 61.430075 8.682339
13.250710 61.437886 8.050892
11.826185 59.367792 8.789018
11.879763 57.783019 8.569724
13.553121 59.380498 8.627430
11.266023 62.019652 7.991131
12.791257 60.988869 8.551516
13.360000 60.486951 8.356838
11.904254 59.116999 8.784133
12.307869 61.482515 9.355481
12.242075 58.818975 8.396016
12.239852 57.217894 8.860502
12.691074 60.394532 7.931370
12.416318 57.532856 7.774780
11.843769 60.930279 8.616628
11.909320 58.768657 8.884081
12.520942 60.166777 8.783462
12.856630 58.469097 8.984727
12.993194 60.699433 7.943963
11.640867 58.485100 9.598091
12.860516 58.129674 8.317824
12.044668 63.276250 8.306753
12.903169 63.524346 8.902351
12.297520 60.854014 8.083588
13.254268 55.949973 8.625484
11.281258 57.691225 7.877840
12.709392 61.833821 9.119361
12.092961 61.572638 9.022269
11.647324 60.438810 8.166070
12.860849 61.204945 8.822201
12.799406 59.995317 9.404700
12.460140 61.527671 8.030476
13.356660 61.089770 9.497800
11.643755 61.761622 9.097835
12.696408 58.313932 8.923732
12.470803 61.191304 8.106670
12.298269 60.996806 7.657558
10.957437 63.086745 8.733692
12.642676 59.686491 8.284075
12.223298 61.246644 8.788544
11.960425 59.497287 9.174147
12.862373 61.795406 8.851874
12.562149 59.960038 9.055372
12.705147 60.316996 8.087120
13.438542 59.746482 8.886854
13.094424 59.482910 9.054963
12.261753 59.909979 8.988018
11.878090 59.044275 8.478979
12.810885 58.575074 9.233073
12.924804 59.733120 9.063237
11.963908 61.256040 8.163510
11.625579 62.604234 9.149726
12.947600 60.968333 7.475539
13.492444 58.809401 8.135341
13.020667 56.336112 8.285714
13.024577 60.243235 8.316147
11.605310 59.053029 7.703269
11.798287 58.336057 8.325679
12.141770 58.914003 8.816185
12.471753 59.118801 7.901784
12.164730 61.170406 8.788787
11.533155 60.931056 8.871529
12.522894 59.259402 8.367972
12.536937 58.801433 8.477261
13.432844 58.345606 7.740596
12.036249 62.128437 8.881875
12.849125 60.540680 8.582330
11.655554 58.753699 8.055310
12.121762 61.766342 8.209822
12.493054 57.726034 8.749886
12.063858 58.797687 8.926542
13.653737 61.688066 8.788069
12.547149 58.817462 8.994327
12.341751 61.498330 8.142792
11.805644 57.491190 7.819924
11.731451 62.907921 9.312320
12.808531 58.694958 8.720794
12.123811 59.541135 8.874780
12.441543 57.216507 8.606522
12.350671 59.563159 8.751095
12.236173 62.761615 8.620433
12.878633 57.949205 8.127191
12.987622 58.869610 8.551615
13.001091 59.954316 9.009074
12.238139 61.902214 8.475253
12.440107 59.665794 8.774120
12.355190 60.182509 7.737241
12.674723 62.496310 8.895075
11.626966 57.216681 8.161913
12.633894 61.961891 8.012271
12.060138 58.545148 8.080273
12.388449 58.684818 9.052455
13.158131 62.244046 8.601402
13.358671 62.019646 8.096758
11.897103 58.337744 8.910213
11.966091 63.459264 9.067697
12.614323 59.102269 7.908474
12.201456 57.318060 9.052910
12.298800 57.590533 9.957186
12.834550 58.168046 8.795702
12.894468 61.208312 8.555249
13.640926 57.719194 8.522689
13.071656 59.967673 8.643805
12.644838 58.487065 9.277768
12.801123 61.175356 8.405192
10.960557 59.978618 8.182928
13.088496 57.235465 8.337557
12.514784 58.795081 8.486239
12.205978 60.936433 8.914256
12.481460 59.098679 8.677350
12.138263 57.948913 9.098298
13.250094 60.431533 8.479388
12.194797 60.462809 8.742158
12.785654 58.206728 8.560222
10.841052 59.407200 9.013766
13.508613 58.148620 8.220712
12.527590 59.213524 8.866629
13.721195 64.171245 9.044454
12.498742 58.247510 7.856475
12.104338 57.557578 8.901110
12.429678 58.434015 7.413194
11.985215 56.251578 8.587819
12.137701 63.180843 9.148908
12.804399 61.412002 8.551774
14.277910 58.734871 8.173776
11.449188 59.384688 7.859269
13.442185 58.738450 8.394081
12.816693 58.591507 9.567106
12.162113 60.897737 8.797834
12.012887 58.582119 8.833417
11.492193 59.385622 7.893309
12.404825 59.329257 8.470052
12.170295 64.010861 8.607089
12.685330 59.077018 9.372067
12.207945 59.490111 8.279130
12.757279 62.613087 8.808575
13.053679 60.491091 8.160734
12.067872 62.241278 7.535842
12.547221 59.712945 8.343449
11.863589 60.098598 7.540791
12.751729 57.276451 8.433884
12.540114 57.812080 8.975119
10.634392 57.344980 9.492595
13.037093 60.475554 9.260177
12.685081 56.743500 7.755815
11.474855 59.064169 7.648820
13.272336 61.048372 7.533597
11.423783 61.594389 8.748553
11.523915 57.709458 8.350784
11.061465 60.731085 8.402159
13.479948 57.917858 9.050735
13.837533 60.269259 9.540638
12.190078 57.498616 7.856408
12.785969 59.155817 8.667658
12.245676 60.901096 9.157067
11.586215 60.475243 8.753931
13.528025 58.764819 8.231565
11.972694 58.490469 8.316260
12.266752 60.161240 9.807723
13.099582 61.342199 9.398866
12.302587 56.642036 8.256597
12.657080 60.083028 8.544190
12.198440 58.715752 8.550915
13.512733 61.254227 8.179825
13.464317 59.115004 7.371448
11.921284 61.091808 9.342554
12.357942 60.706610 8.658245
11.850444 60.718664 9.269067
11.537125 60.938637 7.768937
11.659947 60.399936 8.422298
12.714511 61.752202 8.748730
12.929066 61.586577 8.754278
12.278807 57.431327 9.348413
12.358237 59.179484 8.268640
12.577308 64.025964 8.254874
12.956249 59.065273 7.921063
12.016842 59.226064 8.650481
12.395000 59.467890 9.320025
11.769708 59.975238 8.573818
12.217776 58.685932 8.420198
11.915787 60.621579 8.394930
12.039375 59.868366 8.118080
12.561251 61.977618 9.341934
12.169506 61.856464 8.480389
13.465392 58.151689 7.969555
11.832484 61.579511 8.647447
12.062983 62.048272 9.575783
12.423923 60.544442 8.198229
13.583711 59.619688 8.901610
12.742481 59.173999 8.543991
11.931390 60.495336 8.856267
14.043411 58.035692 8.546356
12.397113 57.118797 8.891566
12.667134 59.027833 8.989881
13.126880 57.258426 8.285251
11.896393 63.172802 8.619168
12.712839 57.911655 8.953644
11.770953 60.129546 8.030876
13.894180 58.961956 8.787945
12.442601 60.661680 8.225988
13.382448 58.691797 9.457493
12.421112 58.423732 8.796985
12.751345 60.753813 7.811538
12.393832 60.634734 8.788950
12.814600 58.310791 8.859285
11.525185 59.119346 8.500766
12.293999 61.443229 9.521343
12.936310 58.064824 8.883654
11.832790 57.257473 8.651776
12.100078 63.468912 7.881766
12.341473 58.899081 8.803751
11.612529 62.050546 8.340647
11.468933 61.171910 9.405324
11.874715 57.762895 8.930235
12.526304 60.658674 7.951125
12.210084 57.761926 9.115134
11.791199 60.932244 8.854160
11.836620 63.179629 7.967676
11.554059 60.796654 8.472509
12.534082 60.750708 8.828030
12.036050 58.187512 8.532204
13.297693 58.500319 7.748231
13.283676 58.143862 7.229536
12.160348 57.955820 8.663014
13.363929 62.728769 7.870447
13.087331 60.303389 9.223009
11.733662 61.065764 8.076296
12.206514 62.018055 8.924153
12.137545 60.208440 9.559887
12.432707 61.496644 8.784739
12.729132 58.564816 8.112031
12.403184 59.204266 8.237071
12.706441 58.254630 9.497823
11.817676 59.912415 7.533923
13.193316 60.646180 9.266076
12.951748 58.565054 8.774641
12.001845 58.407994 8.465729
12.301130 59.403357 8.142478
11.857672 56.172532 8.430464
12.370348 56.959101 9.111046
12.376647 61.576895 8.143133
12.381115 59.900826 8.867890
13.194734 60.756239 8.489912
12.748067 56.554065 7.669689
12.038926 62.596860 8.900096
13.028082 62.281190 8.571700
11.556362 61.979584 8.896379
12.416927 59.000867 9.639252
13.170631 57.616850 8.752602
12.836336 63.517873 8.424547
12.084289 61.632890 8.250679
12.944102 61.419790 8.039079
12.572352 58.551952 8.712295
11.716006 60.411774 8.888911
11.520581 60.793278 8.747064
13.305473 60.622624 8.999860
13.983120 60.762986 9.080519
11.593348 58.564580 8.753053
12.029380 59.206647 7.380583
12.116346 58.719656 7.313928
13.555450 59.297771 8.505245
12.547082 62.325673 9.358212
13.133281 56.655739 8.944578
12.616232 62.909008 8.244902
12.969424 58.871022 8.333204
12.777660 59.294852 7.906784
12.161606 56.763926 8.686995
12.349959 61.102887 8.145849
12.289573 61.969198 9.461132
11.451482 58.429579 7.120774
12.015849 58.225556 8.706617
11.605522 60.245823 9.388414
13.216319 62.370580 8.645530
11.585832 62.584451 7.560899
12.322521 61.490341 9.040808
12.690332 61.204026 7.739752
11.959325 59.304431 8.642900
12.198168 59.821758 9.331094
12.607139 59.414908 7.883152
13.227175 58.457337 8.879674
13.010197 59.716270 8.497327
11.655397 59.839154 8.564751
11.600944 58.112460 8.572615
12.577708 59.725013 9.009405
12.630600 59.368321 8.774102
12.271499 58.080921 8.579899
12.993320 60.615136 8.377301
12.721039 61.733652 9.025893
12.456551 61.151429 8.195422
12.463623 57.221359 8.864536
12.098780 58.035801 8.218216
12.593019 59.397289 8.680498
12.196580 61.183350 8.278740
12.956700 59.023285 8.986446
11.774683 60.980234 9.120393
12.860951 62.100299 7.690217
12.496357 62.481231 8.558923
12.116321 60.964957 9.080335
11.911076 57.850578 9.147808
12.234042 57.748423 9.030206
13.036435 59.824145 8.163288
12.900250 60.574061 8.420165
11.160623 57.647734 9.347500
12.903548 65.790341 9.166748
13.150974 61.966638 8.696908
12.581662 57.637648 8.838770
12.161079 59.441812 9.137284
12.022139 60.884212 9.489349
12.929990 58.804805 8.207171
13.056343 59.191816 8.358241
13.171044 58.497334 8.058252
11.896947 59.656231 9.122403
12.316099 59.872158 8.388349
12.426256 61.896306 8.704493
11.443890 55.959354 8.533532
12.233627 59.459389 8.864971
11.813287 58.109879 8.258274
11.476045 58.882354 9.358462
11.439388 63.649829 8.913889
12.578368 63.801350 8.323797
11.611636 63.200498 8.706463
13.401749 59.311007 7.490826
12.889902 60.294553 9.046137
12.504235 57.912213 8.675031
12.520547 59.528102 9.061216
12.193742 61.739181 8.851451
12.013783 61.294547 8.720426
12.022855 60.060840 7.919529
12.625936 62.524641 9.535267
11.194089 59.211407 8.269727
12.835236 57.826474 8.749955
11.682722 63.252236 8.871475
12.143747 60.727388 8.434503
13.183393 61.380250 8.170435
12.653303 59.858495 8.396901
12.189677 59.360974 8.184542
12.424956 58.187571 8.869656
12.930942 60.676068 7.645683
11.982722 60.013384 8.671749
12.479820 59.391181 9.480119
12.285506 61.032228 8.231267
12.305759 60.443259 8.893125
12.493774 58.811254 8.197005
11.571281 62.362835 8.784180
12.522629 59.213164 7.935156
13.331025 63.354495 8.230223
12.161793 57.957659 8.624337
12.615646 63.043618 8.101353
12.737055 58.451871 8.594390
11.388727 59.720563 8.796507
12.902015 60.606149 9.781187
13.431507 59.951581 8.866730
12.880021 61.529022 9.023099
13.157311 63.614570 8.398784
12.601303 58.563872 9.264067
11.087553 59.474295 8.224589
12.466597 58.094626 9.546111
12.347890 59.055719 8.267917
11.605860 58.884941 8.191038
13.341456 61.185510 8.420195
13.336780 61.199715 8.091684
13.338179 60.697788 7.642414
11.148713 63.129056 8.327031
12.831057 58.365048 8.387453
11.824502 59.868068 8.259359
11.161541 60.212777 8.145173
12.885183 57.412228 8.246623
12.650106 59.267017 8.974434
11.994924 62.088533 9.048195
12.420726 59.796847 7.888679
10.983288 64.530138 8.904254
11.943708 61.472503 9.580011
12.753977 59.545297 9.545553
12.258129 60.800099 7.963956
12.412017 58.603856 8.746224
11.631015 59.447149 8.542727
12.389517 58.641188 9.035718
13.400320 58.456861 8.779645
12.219191 60.394693 8.366097
11.986597 57.997533 8.529999
11.741000 60.277654 8.810743
12.334053 58.233212 8.333470
13.275593 58.518172 7.793179
12.715155 59.809286 8.142015
12.513199 57.703068 8.699534
11.463385 58.803805 7.512561
12.464693 63.451377 9.599005
13.051437 58.897944 8.846890
13.088013 61.068912 9.475697
11.861161 58.938541 7.860569
12.421127 60.825251 9.238678
12.547831 60.263088 8.642385
11.845911 58.381270 8.359840
12.434938 59.494660 9.510487
12.177362 59.118427 8.628188
13.961401 60.226090 7.389398
12.913007 59.458683 8.521132
12.008451 61.831511 8.156876
12.299889 60.837703 8.580357
11.730817 59.339353 8.986006
12.423905 60.469493 8.907783
13.009008 60.886886 7.949320
12.757146 57.557387 8.512341
13.737907 59.689484 8.729718
12.415414 59.634691 8.646887
11.977857 58.798982 8.388073
12.747176 58.866054 8.074764
13.318785 56.695508 8.914124
12.352353 58.900945 8.631407
13.591816 57.356137 9.247429
12.958365 59.171297 8.311540
12.497384 59.923990 8.166828
12.173411 57.752129 8.095132
11.652641 60.258748 8.569370
11.671187 60.154863 8.503768
12.555285 57.851629 8.748942
12.664520 64.172802 9.580376
11.661791 61.639300 9.597262
12.472503 60.610461 8.994991
12.617901 57.939442 7.974544
11.433595 60.876540 8.797871
11.659281 64.155880 8.217547
12.661214 60.139463 8.747082
12.091408 60.009018 8.087365
12.548419 61.713793 8.471574
12.355608 61.635563 7.619153
11.985753 59.944266 9.293786
12.015032 59.333377 7.846784
13.656846 58.311841 8.980623
12.117129 58.776482 9.302938
11.518334 57.620329 7.745756
13.914402 59.266773 7.965185
11.571981 61.338962 8.304657
11.182791 61.427484 9.468178
12.151425 60.561808 8.215231
11.402324 60.264183 8.988572
12.601900 59.030715 9.230345
11.522451 56.948420 8.500825
12.366230 58.688186 9.086037
11.819257 58.910238 9.079099
12.243053 62.898478 8.119840
12.912737 57.805690 10.067637
12.181965 60.946635 8.676741
11.887929 61.175158 8.251471
12.563245 59.980864 8.955694
12.842892 61.189521 8.567879
12.073413 58.530261 9.618209
12.359139 58.163891 8.871392
12.658839 58.106516 8.038152
12.607981 60.322760 8.260410
12.673034 60.457227 8.576227
11.984931 60.829252 9.053150
11.935758 60.204634 8.715064
12.662113 60.527364 8.003985
13.054367 60.212560 8.012589
12.197318 60.287817 8.629005
11.801967 59.535282 9.635225
12.881823 59.468940 7.857865
12.270442 57.322439 9.062057
11.837867 57.769892 8.293651
12.366896 57.739586 7.264671
12.425642 59.439863 8.834875
12.215638 60.808660 8.526333
12.248048 59.085558 8.586344
12.221598 60.355929 9.228937
12.076723 58.769948 7.841234
12.824672 60.362308 8.249748
12.616323 58.806979 7.706855
12.702193 61.092650 8.550854
12.388537 60.442047 8.365937
13.206411 59.252378 8.664361
12.759205 57.760340 8.870147
12.398182 60.234603 8.420174
11.020856 59.721266 8.498534
12.384836 61.853932 8.573918
12.918472 58.694643 8.441138
11.347964 56.021066 8.010481
13.336337 61.420625 8.529898
11.233508 60.770134 8.393508
13.107938 57.677518 8.412967
13.268263 59.294398 8.852337
11.673081 59.730352 8.335135
11.503549 59.631845 8.676935
12.351081 63.373088 9.611792
12.907484 61.024802 8.531854
13.333615 61.630141 8.552788
12.257952 56.336085 9.088069
11.512388 59.831096 7.695066
12.966847 60.101869 7.748657
12.833264 59.531062 9.155331
13.209548 60.549649 8.551930
12.410518 62.488062 9.046992
11.758534 61.370010 8.315100
12.984527 60.809873 8.593965
12.623007 59.556298 8.716114
12.770890 60.895653 7.928234
12.475751 58.329037 9.005499
12.332851 59.682631 8.955049
12.848855 57.650870 9.165132
12.093274 62.539951 7.747642
12.267473 58.872188 8.720732
11.659347 61.917543 8.547084
12.552781 59.129351 8.361306
12.549726 58.682082 9.156751
12.297011 61.327350 8.520453
11.760653 60.273922 9.088988
12.127174 60.175042 8.052051
12.758209 59.748473 9.399793
11.227239 63.328018 8.975464
11.783099 60.243557 8.466647
11.766803 60.048539 8.960641
12.163547 55.064499 7.973817
12.679248 60.219088 9.504230
12.240413 64.683049 8.446265
12.126376 59.350722 9.317890
12.516164 60.494097 7.940851
12.552145 58.137189 7.939395
12.533271 59.278432 8.091786
12.736524 62.014522 7.720002
12.781905 58.872353 7.715738
13.261908 58.674731 8.390894
13.009185 57.671733 7.810263
11.857577 57.785180 8.583686
11.652484 63.733472 9.026528
12.940497 60.747323 8.265124
12.356391 62.408855 8.556490
12.438799 60.940183 7.855376
12.465239 60.202942 8.619125
12.143337 62.251896 8.260771
13.269668 57.284527 8.590104
12.560494 57.906175 8.843481
12.333263 59.925194 8.007623
13.383185 60.570319 9.399985
12.256002 60.357935 7.552287
12.014746 59.709138 7.737684
13.198697 59.729667 8.672245
12.320733 60.218223 8.294578
12.742575 58.552428 8.575163
13.373163 61.743776 7.677871
13.014627 59.271334 8.988857
12.359933 59.596368 7.731488
13.129731 60.981327 8.118855
13.135380 63.847630 8.804574
12.132678 57.688593 8.149034
11.710279 58.593175 8.718188
12.325125 60.683599 8.895963
11.939032 58.502759 7.698315
11.979583 61.240629 8.534476
13.266728 61.898003 8.765687
11.901347 61.066165 8.559814
13.832431 63.833634 7.926764
13.024952 61.634573 8.859125
12.774154 59.428130 8.212944
12.487044 61.066056 8.317638
13.610622 60.387852 7.376677
11.932097 61.202354 9.093368
11.966359 61.298933 9.352664
12.547081 59.637923 9.509540
11.893794 55.976652 8.560178
12.500864 59.335770 8.028859
12.694145 61.115971 7.833395
12.147068 60.776701 9.870997
11.772742 60.410061 8.949868
14.342533 58.373960 8.488520
12.256778 57.715087 8.992515
11.998231 58.267625 9.658322
12.068004 59.514855 9.484665
12.003024 60.492189 8.077779
12.773459 59.919356 8.612751
12.636037 59.019091 8.790859
12.484290 60.119832 7.891005
12.314741 60.914939 8.719658
12.771463 60.155121 8.878320
12.792713 60.751775 9.162247
12.448875 58.555974 9.495387
12.659816 58.941346 8.738314
12.856256 59.530864 8.606998
11.296324 63.999520 8.920450
12.180776 59.080236 8.278913
12.573895 61.853051 7.593709
13.151825 61.940813 8.491501
12.626497 60.582814 8.379738
12.379601 59.606812 8.785403
12.257627 62.549700 8.534844
12.859267 59.106881 8.636557
12.683275 62.640206 8.337468
12.487190 61.574094 8.782004
12.640598 62.876136 8.252190
12.364804 60.094950 8.024178
12.528568 61.149602 8.748619
11.739619 59.933949 9.301191
12.407687 61.105676 8.582294
11.649712 59.617556 8.306895
11.875072 60.933344 8.291478
11.777151 63.013722 8.388932
12.981917 60.071910 8.295689
12.820048 61.826383 9.383936
12.005538 60.109317 7.120657
13.311139 61.555627 8.565936
11.274216 60.633228 9.441097
12.274187 62.923511 9.431668
12.219369 60.408914 8.632321
13.074569 59.988273 8.233304
13.661356 60.922681 8.558390
12.796544 58.933137 8.978063
12.874090 58.949041 9.125799
12.476529 60.649308 9.318035
12.098652 59.042426 8.391848
12.261030 60.182602 7.646021
11.694972 56.530859 9.495990
12.735096 62.259580 7.709032
12.214395 64.395785 9.238655
12.156185 61.593962 8.697559
12.444345 59.780847 8.802396
12.261904 62.795939 8.326099
12.833939 58.866539 8.489001
13.580879 60.952777 8.661366
13.736378 62.498298 8.667483
13.086860 60.443449 8.754601
12.468423 60.498074 8.822689
12.985986 57.421386 8.716634
12.690440 60.094532 8.884950
12.001327 61.102144 9.251254
12.293176 60.867782 8.671532
13.112250 59.885315 8.389209
12.229013 59.218975 7.676119
11.633021 59.882081 8.520870
12.267293 59.889063 7.895257
11.530960 60.733025 9.260765
13.028802 63.578881 9.044787
11.910565 59.601573 8.147278
12.127102 60.262444 9.603526
13.040718 56.098155 8.411345
12.778020 57.439393 9.202063
11.749088 58.125599 8.848745
11.900424 58.876840 8.289588
12.124866 57.484049 9.077408
12.649671 60.796307 8.905602
12.032724 62.636527 7.961600
12.823697 59.401736 8.791179
12.290884 58.639592 8.500730
11.999334 62.794050 8.822920
13.127487 58.699184 8.968376
11.226018 63.656083 8.074490
11.886580 59.305462 7.140109
12.605257 59.309450 9.267728
12.843336 60.593177 9.482688
12.926227 60.087093 8.705328
11.923946 58.613696 8.320191
12.316986 58.795631 8.983528
12.046435 60.164938 8.311991
12.015584 60.937326 8.542555
12.387104 59.337630 9.240032
12.347841 58.355127 8.440719
11.124004 60.590070 9.293590
13.757369 58.105423 8.147455
13.652310 60.800765 8.284749
12.363341 55.465546 8.506466
12.797312 62.704866 9.083054
12.093465 60.052921 9.228428
12.176274 58.806737 8.934503
13.166847 59.935916 8.904914
12.812839 59.814264 7.882159
12.445849 63.168886 8.181110
12.019328 62.232291 9.593151
12.424382 59.642722 9.254779
12.000605 62.142969 8.703980
12.003798 59.535306 9.287862
12.804606 59.062130 9.523805
12.247284 60.115714 8.530921
12.103811 62.258611 7.891755
11.603681 60.551007 8.794599
11.492039 60.211252 8.645531
12.607428 60.968835 8.437531
11.852429 60.306340 8.307717
12.720048 58.157929 8.416949
13.149884 56.334121 6.972392
12.445517 62.842091 8.428438
12.358320 61.185419 8.808050
12.400031 59.547133 9.208177
13.105294 58.790132 8.341061
13.158049 61.051308 9.304361
12.280969 61.506493 7.814472
12.605765 57.745402 7.345793
12.159318 60.087012 8.908632
13.064266 61.344375 8.611854
12.269666 59.970875 8.366810
11.763337 58.813180 9.476604
12.161869 60.505362 8.341052
13.021499 58.916095 8.949034
11.659012 61.167499 8.370687
13.105038 59.563816 8.778491
12.912183 59.865050 8.685619
12.488069 60.210353 8.370733
12.825905 57.694560 8.515552
12.059204 58.868203 8.078615
13.320801 60.092364 7.558580
12.018907 60.761679 8.269392
12.616084 60.623063 9.267369
12.691208 59.088127 8.914258
12.408101 59.494587 8.764093
12.462301 57.778637 8.554573
12.402848 61.603066 8.841633
12.393229 61.879269 8.548745
11.977929 61.802744 8.364364
11.835176 57.687940 8.464061
11.387721 58.176689 8.789929
12.380713 60.332113 8.815689
11.952101 58.897887 8.810063
11.816246 60.205767 8.847375
12.871051 61.984300 9.720269
12.127535 61.762512 9.122942
12.219145 59.222513 9.546878
13.742901 60.327390 9.029673
12.325031 61.141518 7.891263
12.638568 60.635564 8.447883
12.359447 59.644704 8.404461
11.881530 59.914868 9.069896
12.374096 62.537886 7.958009
12.831403 61.227722 8.261109
12.318570 59.502982 8.224730
12.400095 58.128429 7.572109
12.876069 62.084805 8.537376
13.157265 58.904993 8.341178
12.618273 61.084918 8.408025
12.824134 59.274963 8.589602
12.035155 62.529247 8.761200
11.491321 58.452937 8.884688
12.579606 58.031796 8.259383
12.026778 61.566111 8.284073
13.211921 59.962308 8.144060
12.499235 60.689935 8.167480
12.745025 60.397159 8.705561
12.512881 59.502155 8.779189
12.920821 57.281600 9.199580
12.173021 61.117539 9.487030
11.978787 58.955780 7.764609
11.075785 60.500787 8.246034
12.923627 60.840141 9.438228
11.753808 55.959771 8.420284
12.195657 63.298291 9.021525
11.449806 59.267621 8.705409
12.991284 61.052159 8.318746
14.154236 58.141096 8.408105
11.936612 61.561339 7.972142
11.972454 58.006152 8.396182
12.203365 60.649346 8.338420
12.784758 60.854910 8.770702
13.235228 59.246175 8.401323
12.033862 60.077936 7.946702
12.415170 60.236898 8.932454
11.578277 58.782460 8.373305
13.034560 58.537957 7.797433
11.827655 62.881151 7.892619
11.875133 59.491099 8.382143
13.097348 60.160288 8.611022
13.497335 58.971925 9.240254
12.567830 59.334831 8.847033
12.851913 59.093153 8.838907
13.227007 59.941104 8.805416
11.556026 63.192585 8.454199
12.800089 59.322955 7.256958
12.706321 62.688647 7.654436
12.303056 58.807127 8.646942
11.412369 58.171128 10.031390
12.892295 59.184712 8.858751
12.920152 60.789840 9.571698
12.054220 61.834637 8.259093
12.889042 59.638583 8.206815
11.413675 58.176029 8.585344
12.396891 60.239313 9.293633
11.249118 61.386047 8.897357
12.288736 55.470928 7.410976
12.474259 58.488438 7.705415
12.703689 60.471927 8.245543
11.900021 59.145022 8.139837
12.612446 58.655839 9.386906
12.954695 59.703651 8.604433
11.861147 60.324384 7.839761
12.143218 58.405755 9.265705
11.255171 56.707505 9.102198
11.790000 59.802239 8.740227
11.935146 58.399354 8.825266
12.561952 59.638271 8.875162
12.005556 61.981731 7.966549
12.075541 62.020844 8.554905
12.490759 58.496187 8.937574
12.532419 60.395943 8.551985
11.730422 56.595884 8.124282
12.864796 59.184265 7.814249
12.783384 62.458959 9.311570
11.907203 59.304593 8.644514
11.776996 58.414630 9.101213
13.635222 59.979337 8.909924
12.995651 58.864032 8.215812
11.957278 58.183293 8.737894
13.529630 62.785326 8.494744
12.162624 62.208569 9.991368
11.065970 58.520737 8.925859
12.667194 59.908720 8.679078
11.288799 61.981208 8.536537
12.345872 60.447566 8.208824
12.804965 59.715842 8.089360
13.314626 57.608049 8.173162
12.481614 61.755383 9.585731
11.557210 59.566055 8.470868
12.462255 60.375512 8.844377
12.087768 60.637632 8.506947
12.831549 60.906479 8.064153
13.142250 57.965844 8.180106
12.948664 59.827267 9.345133
11.927196 57.128393 8.840835
12.369196 58.968916 8.484278
11.931300 61.753476 9.035209
12.652450 60.463577 8.160885
12.592245 61.205049 8.747066
12.788792 57.341452 9.043912
12.526363 59.387871 8.751065
12.149129 61.027861 8.227190
12.955749 60.242149 8.243730
10.908901 60.540781 9.069396
13.583826 61.483132 9.280545
12.474938 59.961481 8.957901
13.336776 59.315942 8.593378
11.364638 59.423217 8.400077
12.366906 59.799652 9.120684
13.285783 60.533768 8.145042
12.757352 59.348238 9.209503
12.212218 60.089725 9.231792
12.704966 58.833404 8.055805
13.860442 59.183823 8.171394
12.437823 61.385716 8.738740
12.630001 61.063627 8.815942
11.825373 60.889200 8.555470
12.836926 59.427604 8.223449
12.583050 62.231284 8.510062
13.149347 58.627193 8.720410
11.950545 62.356132 8.808966
12.756723 59.383708 7.827750
11.892771 59.666337 8.797355
13.394400 59.698003 8.278730
11.689530 57.909661 9.081897
13.224555 58.426626 7.403790
11.649793 60.244673 9.682319
12.471801 61.547331 8.385743
12.541643 59.750238 8.579478
12.459901 62.886352 8.802991
12.494334 60.655970 9.038380
12.140196 58.007857 8.191515
11.763980 57.738422 9.224715
13.227288 59.766821 8.263035
12.649204 57.132663 7.984241
11.888019 61.977379 8.686102
10.927367 62.337908 8.285792
13.196824 61.182740 9.229520
12.828336 61.250490 8.373264
12.848346 58.236599 8.009183
11.914306 58.865975 8.756856
12.263369 61.443554 9.319644
12.014906 58.477985 8.633826
12.541400 61.052975 9.178068
12.070737 61.437221 9.201716
12.521093 60.593352 8.389921
12.010015 59.514328 8.526605
12.581270 58.602589 7.850145
12.423624 60.082292 8.972572
12.930653 57.213673 8.724503
12.622932 57.036157 9.032440
12.203404 57.194936 8.238307
13.302552 61.764083 8.807993
12.855781 59.083455 8.363789
11.830284 61.005364 8.866184
12.122748 56.323252 8.114576
12.398204 59.248333 9.218099
12.441691 58.269098 8.626707
12.253076 60.400352 8.576572
13.028084 58.143720 8.138656
12.035299 60.181610 8.466181
12.740377 57.809378 8.631862
12.352927 61.369352 7.960367
12.813578 61.245014 8.996297
13.064530 57.368289 8.596760
12.301858 55.867696 9.316256
12.403036 59.885597 7.998271
11.922737 58.997914 7.922633
12.266735 60.012094 9.218844
11.128488 59.688681 8.755159
12.365212 60.634839 8.705960
11.473694 60.198829 8.563737
13.114781 58.116566 8.764632
13.381605 59.566960 8.915161
13.074834 61.342070 7.463625
11.614443 57.822991 8.689174
12.772309 62.906766 8.437031
12.627879 58.926031 8.164144
12.357027 59.940585 8.257757
12.759509 61.969442 8.356218
12.638332 60.885258 8.763757
12.877323 60.203567 8.589001
12.816276 61.220994 8.852554
11.605106 58.901261 8.838426
10.597498 60.056731 8.045218
12.790044 59.349268 8.013248
12.937287 62.934469 9.149958
12.954243 61.429862 9.076646
11.371981 61.099833 9.588163
12.564675 56.362440 8.630534
12.486581 61.343831 7.824574
12.958998 60.938930 8.699780
12.571473 58.057329 9.411851
12.352758 56.648434 8.561123
12.602877 58.931745 7.579303
11.484412 60.084320 9.437751
11.566204 61.580770 8.796478
12.654438 60.970347 8.896508
12.240593 62.157855 8.398429
12.560799 60.510922 8.306554
11.820718 59.499270 8.522603
13.783827 59.958633 8.317807
12.436614 61.326538 8.942071
12.314642 59.119884 8.434218
12.620956 61.634178 8.502180
11.866576 58.769293 8.451846
13.172199 59.434306 7.942847
11.976454 57.584603 8.461558
12.947649 59.888964 8.332037
13.452587 61.759704 8.207672
12.770793 58.727884 8.298467
12.172514 58.878498 8.430059
13.138479 59.785995 9.048356
11.915432 62.502446 9.155253
13.280677 60.810801 8.318157
12.302344 60.399442 8.315145
11.314207 60.633131 8.199204
11.877282 61.705818 8.505001
12.138518 60.169584 9.148229
12.712499 59.820471 8.032742
12.353525 60.056977 8.817592
11.924154 59.766027 8.556068
12.661149 60.678675 9.663900
11.868718 61.918654 8.935439
11.953121 57.812569 9.090262
12.227430 59.324659 7.571330
12.995601 58.691842 9.068329
12.860361 59.220929 9.252877
12.920014 59.238647 6.933624
12.315137 59.603765 10.537353
13.454333 58.199839 8.827293
12.574996 60.199234 8.366981
11.233335 57.010508 9.203765
12.315853 60.261942 8.691290
12.835437 60.610802 8.013033
13.511651 62.716181 8.303667
10.532650 57.959188 8.841723
12.961509 60.398207 8.975097
12.520454 61.432348 8.313972
12.224181 62.306438 9.637462
11.906754 60.654278 8.352129
12.331848 59.734858 9.089534
13.189894 56.851124 8.329884
12.801837 61.011519 9.173943
12.590449 63.202743 7.956025
13.292361 61.338809 9.714336
12.796000 56.884139 9.047391
11.099721 59.652952 8.866443
12.859099 58.754753 8.325051
11.844105 59.330380 8.727915
12.413799 59.187616 9.731093
11.976436 58.469773 7.941687
12.489717 59.777599 8.721737
12.468107 61.231213 8.716585
12.643610 59.153931 8.172362
12.111909 56.595266 8.210786
10.801170 57.105570 9.232702
12.923572 57.522361 8.491106
12.266924 61.405676 8.927623
12.056144 57.222985 8.131321
13.137226 61.471555 8.521541
12.094801 59.069329 8.514315
12.484202 61.958005 8.116652
13.076215 62.793505 9.244974
12.853474 59.888589 7.703593
12.589421 59.927763 8.370730
12.052282 58.843411 8.391219
13.176412 61.266848 8.040923
11.555800 59.375941 8.217878
13.364757 57.016332 9.091275
12.626943 59.366971 8.272250
12.744550 60.163666 8.307357
12.693254 61.506736 7.991404
12.943200 58.096741 8.611269
11.057887 60.383231 8.334462
12.060258 59.940665 8.677917
13.134252 57.418557 8.629816
12.899677 60.525531 8.267790
12.503761 59.514697 7.994426
12.530599 57.457113 9.377648
12.849886 61.039334 9.041637
11.004634 62.409556 9.805624
13.114000 60.773635 8.609562
12.889380 59.973406 8.714196
12.705052 59.644856 9.458023
11.774317 58.027498 9.061051
12.008589 59.905630 9.342370
12.125664 57.797862 8.412618
13.150678 60.554031 8.773349
11.692991 63.550555 8.251594
11.476936 60.208119 7.931065
13.017527 59.704574 9.330349
12.856035 59.018178 8.432830
12.728536 61.358499 8.931651
12.685652 59.257023 8.420702
12.949567 58.908525 8.549111
13.898556 59.821385 8.654006
11.937198 58.554949 8.828719
11.079597 59.294661 8.597752
11.533161 61.157898 9.389274
12.831473 58.648992 9.286651
10.972419 61.203801 8.462137
11.198329 62.607446 9.049021
11.279288 61.236845 7.451324
12.868972 61.279584 9.571691
13.045160 58.019671 9.041414
12.926393 58.008975 8.902992
11.706940 61.342952 8.683358
11.123632 60.848970 8.246628
11.684242 59.042263 8.478435
11.565981 61.741278 9.201467
12.982350 60.369937 9.248213
13.981254 61.729018 8.810408
12.968382 58.499258 8.328788
13.197544 61.817586 8.401672
12.084741 58.816937 8.322961
12.233266 59.145658 8.379011
11.402873 56.798037 9.003199
11.522025 60.350811 8.544118
12.879228 62.246044 7.932487
11.585525 61.422269 8.703175
12.958630 58.503282 8.540072
12.686609 60.308966 7.996425
11.487715 59.919472 9.183614
11.895618 58.464270 8.587087
12.660591 59.387125 8.300920
12.174402 60.206359 7.964867
13.047857 59.986329 8.940713
13.218044 60.489536 8.943505
12.183023 59.444225 8.836328
11.781427 60.317243 9.162123
12.368744 59.410320 8.411257
12.577132 58.164762 8.696584
11.753938 55.907069 8.781864
11.782578 59.313596 9.153246
11.600123 62.946933 7.665278
12.551188 60.053461 8.666865
12.662950 60.028819 9.286117
12.264451 59.729066 7.617169
13.453843 58.962046 9.024505
11.891594 61.334331 8.164395
12.886962 58.170522 8.843168
12.321418 59.852689 8.992157
11.963872 59.112897 8.510134
11.706173 60.784019 7.871092
13.191261 59.238462 9.455100
12.869603 60.989189 9.033712
11.898261 61.288084 8.970317
12.242088 61.243284 9.003096
13.790178 60.788780 8.413959
12.901828 59.761314 8.157545
12.930470 59.116737 9.170221
13.083529 56.835648 8.068767
12.038953 59.473959 9.408770
12.375035 60.294857 8.758988
13.446198 59.553150 8.163824
12.705756 58.815783 8.143473
12.622158 58.650984 8.607560
12.623554 61.763755 8.729519
11.090490 61.356148 9.561284
11.735488 60.715566 7.975699
12.717473 59.394920 9.901788
13.031543 57.904675 8.509052
11.571366 62.136874 8.384795
12.307195 59.144918 8.988681
12.230386 57.859549 7.091568
12.543352 64.428641 9.091921
11.532639 62.618844 7.921258
12.892549 61.001657 8.858326
12.008734 57.323145 9.116801
12.410958 60.217623 8.507795
12.861100 58.867836 7.843558
12.201671 58.166526 8.384406
11.871554 60.392660 9.913130
13.031908 61.049882 8.269326
12.380822 60.316740 8.562894
12.434255 61.614184 9.395338
12.434266 59.559387 8.835324
13.100252 58.395739 9.035975
11.540390 59.546567 9.692037
11.975294 60.131134 8.467588
11.734569 60.390471 8.717801
12.008876 60.679215 8.480392
12.586289 60.116209 8.661464
12.382252 58.804471 7.845184
12.528230 62.316097 7.820649
11.600459 59.767159 9.383977
13.311733 59.453338 8.258876
12.444873 60.782318 8.035288
12.721343 59.356872 8.682255
12.378550 58.651766 8.110401
13.810800 60.522385 7.931391
13.116156 60.279290 8.137923
12.369041 59.898839 9.878699
12.987225 60.892298 8.872817
12.295567 62.206289 8.890462
12.342365 60.424819 8.356397
11.367180 57.108964 9.465003
12.235636 63.376812 8.448313
13.288213 56.713026 9.033386
12.398076 58.378849 8.902717
12.074849 61.340905 7.757467
13.354747 59.864005 8.224090
12.555610 61.809813 8.335893
12.410720 59.098448 8.814614
12.756886 57.102889 8.269686
13.253978 59.540017 8.530852
11.760973 62.265097 8.714965
12.729545 59.182567 8.889589
13.318534 60.401735 8.762308
13.000085 62.973116 8.875414
11.939434 62.213397 9.308968
12.504028 61.803030 9.055672
12.773155 61.797061 8.807438
12.609997 60.236913 8.917637
13.228184 60.115593 8.728845
12.112260 59.921495 8.937236
13.194300 60.374917 8.018438
13.193432 62.681851 8.465885
12.933167 56.753126 8.997728
12.113094 57.457976 7.905328
12.577187 57.883870 8.676811
12.367908 58.466735 8.250702
13.186201 63.949231 9.036945
12.384167 62.752695 8.255131
13.024874 61.017514 8.739330
12.201656 59.803457 8.115238
12.559953 61.533897 9.111361
12.282955 62.753371 9.049657
12.566702 58.840595 9.136584
13.208118 59.814421 8.219412
13.455713 63.144728 8.920234
12.303039 60.937789 8.812490
11.888855 62.563875 8.141876
12.404351 60.301950 8.057481
13.168295 59.656344 8.602951
12.966144 58.449071 8.179320
12.574241 61.279471 8.478357
11.674851 61.757576 8.275923
12.355525 59.203468 9.161507
12.986259 61.401626 8.368492
12.304631 57.572475 8.037582
12.285188 58.947751 8.304384
13.227375 60.712651 8.629308
11.172001 59.156454 8.238369
12.307605 62.434600 8.322724
13.556717 60.984110 8.716679
12.857026 61.413556 8.879320
12.168533 60.774922 8.763261
12.025147 59.486952 8.355528
11.954399 59.102294 9.018113
12.031773 60.157285 8.513223
12.743421 62.752457 8.471734
13.137569 58.818210 8.612944
11.972804 60.429661 8.245352
13.787224 60.931087 9.233502
11.438107 60.656074 8.703787
13.304926 59.861918 8.361377
12.588617 58.989273 8.841572
12.394123 64.417266 8.805788
12.132272 61.046771 9.245576
12.884353 58.392639 8.845456
12.722753 59.417682 8.660290
11.903742 57.716061 8.528184
13.673254 57.132432 9.323380
13.276439 59.944051 8.190657
11.387870 63.308762 9.334924
13.625095 63.189327 7.772967
12.323824 62.725666 9.230515
11.998598 60.792841 7.692579
12.267360 62.924236 8.048312
12.584897 59.284095 8.513011
12.811325 60.728602 9.841560
13.618308 57.902379 9.056982
12.273751 59.494083 9.001906
12.810450 59.334213 8.364373
12.047665 57.329934 7.610739
12.057355 60.646514 9.421722
12.984429 60.349074 9.039888
14.018994 62.413357 8.809943
11.892411 59.573495 8.909741
11.803741 59.345904 8.261894
12.775740 58.674681 7.847014
12.513583 59.272525 9.223402
12.156408 60.674375 8.515859
12.726126 59.020230 8.578547
12.780478 59.083905 9.039759
12.918449 61.117887 8.135140
11.805784 60.447437 8.646544
12.233757 63.049356 8.659267
12.379523 60.154281 9.165476
12.197939 59.751472 9.048618
12.014020 61.300032 8.753658
11.935466 59.012105 8.657669
12.510225 60.469131 8.183542
13.077668 62.345311 9.710315
12.841869 62.022446 8.937993
11.997761 57.544228 8.680311
13.302767 59.125412 7.722519
11.479105 62.090010 7.679566
12.411465 58.879821 7.778859
11.946010 57.482327 8.664703
11.289141 58.295389 8.691845
11.022058 60.070269 8.622111
12.244979 60.744652 9.200354
11.357446 57.134196 7.177149
12.805430 57.523733 7.894988
11.395693 61.412918 8.323175
12.710830 61.253226 7.835922
11.912847 58.710108 8.692461
